1722.74
1723.76
1723.22
1717.00
1706.26
1701.00
1700.00
1699.00
1697.50
1696.00
1695.00
1694.50
1694.50
1694.50
1694.00
1694.50
1694.50
1694.50
1695.00
1696.00
1702.23
1704.50
1705.50
1706.50
1709.00
1710.50
1715.50
1727.53
1738.00
1739.80
1740.53
1747.90
1758.54
1765.50
1776.50
1782.47
1796.00
1802.00
1813.00
1822.50
1830.50
1836.50
1845.00
1852.50
1862.35
1877.00
1895.86
1893.29
1905.18
1953.85
1977.19
1954.50
1973.50
1984.36
1993.34
2011.84
2023.88
2024.71
2026.54
2032.35
2036.50
2037.50
2038.00
2038.50
2039.50
2042.50
2045.00
2046.50
2053.00
2057.00
2060.50
2067.69
2075.00
2081.23
2081.50
2088.50
2092.50
2096.90
2099.50
2099.50
2094.50
2093.50
2093.00
2091.50
2083.00
2078.50
2077.00
2075.50
2073.50
2062.08
2047.67
2040.00
2037.00
2034.50
2024.50
2020.50
2009.50
2004.50
2002.50
1994.76
1962.12
1951.64
1943.91
1923.08
1901.00
1900.00
1898.00
1896.50
1893.00
1891.00
1891.00
1891.00
1891.00
1893.00
1893.50
1894.50
1895.00
1895.50
1895.50
1895.50
1894.00
1893.89
1890.00
1886.50
1885.00
1883.50
1883.00
1884.00
1883.50
1884.00
1885.50
1889.00
1891.50
1895.00
1896.50
1897.00
1897.00
1896.50
1896.00
1895.00
1888.00
1886.50
1886.50
1885.00
1881.45
1872.31
1876.00
1873.00
1832.91
1827.00
1815.50
1808.00
1806.50
1805.50
1804.50
1803.00
1803.00
1802.50
1802.50
1802.00
1801.00
1787.47
1777.10
1773.50
1770.48
1763.50
1750.00
1739.65
1722.50
1718.50
1718.00
1717.50
1713.50
1713.00
1713.00
1713.50
1713.50
1714.00
1714.00
1714.00
1713.00
1711.50
1697.50
1695.00
1689.50
1687.00
1686.00
1679.00
1677.00
1663.50
1656.50
1650.00
1643.00
1637.62
1635.44
1635.82
1635.03
1635.23
1638.02
1638.41
1634.00
1641.18
1641.90
1645.50
1646.00
1648.50
1655.88
1668.50
1667.00
1669.61
1673.77
1677.67
1696.00
1702.50
1713.50
1723.46
1740.00
1748.50
1754.50
1757.00
1764.50
1775.00
1783.50
1797.00
1807.00
1813.50
1818.00
1822.00
1833.50
1836.50
1840.00
1852.00
1861.50
1867.00
1872.50
1876.51
1883.50
1893.52
1905.18
1916.00
1926.00
1927.00
1938.00
1945.50
1950.00
1955.00
1958.00
1961.50
1983.00
1993.50
2001.00
2004.00
2016.00
2022.00
2028.00
2034.50
2041.00
2041.83
2043.25
2047.50
2049.50
2053.85
2053.00
2054.00
2054.50
2057.11
2054.50
2054.00
2052.50
2052.00
2051.50
2050.50
2045.00
2028.97
2015.81
2000.00
1983.50
1975.50
1965.62
1954.70
1942.00
1936.00
1930.50
1927.50
1918.72
1907.00
1884.50
1880.06
1872.50
1864.00
1861.50
1854.50
1851.50
1847.00
1836.00
1831.00
1820.00
1818.50
1817.50
1816.50
1812.50
1806.92
1788.56
1785.73
1780.47
1772.36
1767.37
1762.05
1758.50
1752.50
1749.50
1728.00
1722.00
1709.00
1702.00
1696.00
1689.00
1683.50
1678.42
1673.50
1670.00
1662.91
1658.50
1654.00
1649.00
1646.00
1644.50
1644.00
1643.00
1643.50
1644.00
1645.68
1654.00
1655.50
1657.00
1658.00
1659.00
1663.63
1675.45
1684.00
1687.00
1693.00
1695.00
1696.00
1696.50
1696.50
1696.50
1697.00
1697.00
1696.50
1696.00
1694.00
1691.00
1688.00
1686.00
1681.74
1676.00
1674.50
1665.72
1664.88
1662.00
1660.00
1658.00
1654.50
1651.50
1643.12
1631.50
1630.50
1630.00
1629.50
1629.00
1628.00
1627.00
1626.50
1626.00
1625.50
1626.00
1632.50
1635.50
1640.50
1641.50
1642.00
1642.00
1642.00
1643.00
1645.50
1651.50
1652.00
1652.00
1651.50
1648.00
1644.50
1643.50
1643.00
1642.00
1641.00
1637.00
1633.50
1622.50
1619.50
1620.67
1612.50
1600.14
1590.50
1585.50
1580.00
1576.50
1563.21
1560.71
1563.50
1562.50
1562.50
1563.50
1568.50
1576.50
1578.00
1579.00
1580.00
1581.00
1584.00
1589.85
1596.00
1605.00
1606.50
1607.50
1608.50
1609.00
1614.52
1633.23
1642.69
1657.94
1665.08
1672.64
1680.21
1686.04
1704.50
1710.50
1718.51
1725.00
1730.00
1731.00
1731.50
1731.50
1731.50
1732.00
1732.00
1732.50
1734.00
1736.00
1736.50
1736.50
1736.00
1736.00
1732.50
1731.00
1730.50
1729.50
1729.50
1729.00
1728.50
1728.50
1728.00
1731.06
1732.50
1730.00
1729.00
1726.43
1724.39
1725.15
1728.13
1728.79
1731.00
1732.50
1738.09
1743.00
1746.00
1747.50
1751.00
1755.00
1763.00
1764.50
1764.50
1764.50
1763.50
1762.00
1760.00
1756.50
1755.50
1755.00
1750.00
1728.26
1723.00
1718.00
1708.00
1696.00
1685.00
1680.50
1670.12
1662.44
1656.56
1652.50
1651.50
1649.50
1643.96
1639.20
1630.59
1624.90
1619.41
1608.00
1604.28
1588.50
1582.50
1572.50
1571.00
1570.50
1569.50
1568.00
1566.24
1556.50
1554.50
1548.50
1539.50
1536.50
1535.50
1534.50
1532.00
1530.00
1525.00
1519.50
1512.00
1507.50
1503.50
1500.50
1490.81
1486.50
1484.02
1481.50
1480.50
1478.50
1475.00
1472.50
1467.00
1463.50
1459.74
1452.00
1451.50
1450.24
1450.28
1447.38
1440.25
1439.30
1438.26
1438.00
1437.50
1438.00
1438.50
1439.50
1441.00
1442.63
1444.43
1445.43
1445.50
1446.00
1446.00
1446.00
1446.00
1445.50
1444.00
1441.00
1440.00
1438.50
1437.00
1436.00
1431.72
1431.00
1430.00
1429.00
1427.00
1425.00
1424.50
1420.50
1419.50
1419.00
1419.00
1419.50
1420.03
1422.00
1422.38
1427.50
1432.50
1438.97
1447.50
1455.00
1456.50
1459.50
1469.88
1477.00
1481.00
1482.50
1485.50
1487.50
1489.00
1490.50
1491.09
1491.38
1492.67
1494.00
1493.00
1491.50
1490.00
1489.50
1488.50
1486.00
1482.50
1480.50
1479.00
1478.50
1478.50
1479.00
1479.50
1480.50
1481.50
1482.00
1484.00
1488.00
1491.00
1494.00
1496.00
1504.00
1511.50
1520.00
1521.00
1525.00
1527.00
1528.50
1530.00
1531.00
1532.00
1532.50
1532.50
1531.00
1530.00
1527.58
1523.50
1519.00
1516.50
1516.00
1515.50
1515.50
1516.00
1518.00
1522.50
1526.00
1526.50
1527.00
1527.00
1528.00
1527.00
1527.50
1527.50
1526.00
1525.00
1523.00
1521.50
1521.00
1520.00
1520.50
1521.50
1522.00
1530.50
1538.50
1540.00
1541.00
1541.00
1541.00
1540.50
1539.50
1538.50
1537.00
1535.50
1534.50
1533.50
1533.00
1533.00
1534.00
1534.50
1537.50
1539.50
1538.97
1541.82
1545.00
1549.50
1552.00
1588.33
1600.50
1610.79
1624.50
1640.00
1648.20
1650.00
1653.50
1657.50
1659.00
1660.88
1661.50
1664.00
1669.00
1671.00
1674.00
1674.50
1675.00
1675.50
1675.50
1675.50
1676.00
1676.50
1677.00
1678.00
1681.50
1683.00
1684.00
1684.00
1684.50
1688.94
1703.67
1715.80
1730.93
1752.00
1756.50
1763.00
1767.48
1770.00
1772.00
1773.00
1774.00
1775.00
1775.00
1775.00
1775.00
1774.50
1774.00
1773.00
1771.50
1770.50
1770.00
1769.50
1767.50
1765.00
1763.50
1757.00
1754.00
1752.50
1751.50
1750.00
1673.77
1667.67
1638.80
1621.35
1618.05
1608.99
1603.56
1599.75
1587.00
1584.00
1582.00
1581.00
1580.50
1580.00
1578.50
1578.00
1577.00
1574.07
1569.50
1568.00
1565.00
1561.00
1559.50
1558.12
1556.00
1552.00
1549.50
1546.50
1543.50
1541.50
1531.50
1521.00
1511.50
1503.50
1497.00
1493.00
1491.00
1488.00
1485.00
1481.50
1472.50
1459.16
1452.00
1446.00
1443.50
1440.00
1433.00
1423.50
1418.50
1414.00
1404.50
1401.50
1399.50
1399.00
1397.50
1394.00
1392.50
1392.00
1392.00
1392.00
1392.00
1392.50
1396.50
1402.57
1408.50
1409.00
1410.00
1411.00
1412.00
1412.50
1413.50
1413.50
1414.50
1414.50
1415.50
1416.00
1416.00
1416.50
1417.25
1417.29
1416.50
1416.00
1415.00
1411.00
1409.50
1408.00
1404.50
1403.50
1403.00
1402.50
1401.50
1401.00
1400.50
1400.50
1401.00
1401.00
1400.50
1400.50
1398.00
1395.85
1392.50
1392.00
1391.50
1392.38
1390.45
1389.00
1377.00
1375.50
1373.00
1372.00
1371.50
1371.50
1372.00
1373.00
1373.50
1376.00
1378.00
1379.00
1381.23
1388.00
1399.50
1406.00
1410.00
1414.00
1415.00
1416.50
1422.50
1425.50
1431.16
1438.50
1439.50
1440.00
1440.00
1440.46
1440.00
1439.00
1438.50
1433.50
1433.00
1433.00
1432.50
1432.50
1433.00
1433.50
1435.50
1438.00
1439.00
1439.00
1439.50
1439.00
1439.00
1438.00
1434.00
1434.00
1561.00
1433.00
1433.50
1434.00
1437.50
1439.00
1440.50
1441.00
1448.00
1455.00
1462.49
1463.00
1463.00
1464.00
1464.00
1466.00
1466.85
1462.50
1461.81
1458.08
1454.50
1449.50
1445.00
1444.50
1443.00
1439.50
1435.00
1433.50
1427.55
1413.50
1408.50
1394.50
1392.00
1389.00
1375.41
1351.00
1351.07
1347.24
1345.21
1345.22
1362.89
1370.00
1373.50
1373.50
1375.45
1381.50
1389.50
1393.00
1394.00
1394.50
1394.00
1394.50
1394.50
1394.50
1394.50
1393.50
1394.00
1394.50
1394.50
1395.00
1395.00
1396.00
1397.50
1397.50
1399.00
1400.50
1402.50
1404.00
1405.50
1406.50
1406.50
1407.00
1407.00
1407.00
1407.00
1407.00
1407.00
1406.50
1407.00
1409.50
1411.00
1411.50
1411.00
1410.50
1404.45
1403.24
1396.00
1396.72
1390.44
1386.50
1380.50
1379.50
1379.00
1379.00
1379.00
1379.00
1379.50
1380.50
1380.50
1381.00
1385.50
1398.50
1418.50
1424.50
1426.00
1428.50
1429.50
1430.00
1431.00
1431.00
1431.50
1431.50
1431.00
1428.50
1427.50
1420.44
1416.00
1415.50
1415.00
1414.00
1415.50
1415.50
1417.93
1419.00
1420.58
1423.31
1427.38
1439.00
1447.75
1453.50
1445.79
1444.50
1443.83
1442.50
1440.30
1437.29
1434.50
1432.50
1431.50
1430.50
1430.00
1428.00
1427.50
1428.50
1431.50
1436.50
1437.50
1440.00
1448.19
1454.33
1454.50
1457.00
1460.50
1463.69
1462.41
1461.50
1462.00
1472.00
1475.00
1475.50
1476.00
1476.00
1476.50
1477.00
1477.50
1479.00
1480.00
1481.00
1481.50
1483.50
1496.00
1505.50
1511.00
1514.00
1520.54
1524.53
1526.07
1528.13
1529.81
1530.21
1530.00
1530.00
1530.31
1528.33
1527.50
1525.50
1522.00
1513.50
1511.00
1510.00
1508.50
1508.00
1508.00
1508.50
1509.00
1510.50
1511.00
1511.50
1512.54
1509.05
1504.06
1503.50
1502.50
1502.00
1499.00
1495.16
1488.16
1479.50
1476.00
1471.00
1469.00
1468.00
1467.50
1466.00
1464.00
1461.50
1460.50
1459.50
1459.00
1458.50
1457.50
1456.50
1455.50
1455.00
1444.28
1440.00
1433.00
1432.00
1428.00
1426.50
1424.50
1423.00
1422.00
1420.00
1419.50
1419.50
1420.00
1421.50
1424.00
1426.00
1427.00
1427.50
1428.00
1428.50
1429.00
1429.50
1432.71
1434.50
1435.00
1435.50
1436.00
1436.00
1435.50
1435.00
1433.00
1428.50
1427.39
1426.34
1422.00
1421.50
1420.00
1419.50
1418.50
1418.00
1418.00
1417.50
1416.50
1412.00
1409.50
1408.00
1405.50
1402.92
1398.23
1396.10
1395.15
1393.00
1392.50
1392.50
1392.50
1393.50
1394.50
1398.00
1400.00
1402.50
1402.50
1403.50
1405.00
1407.50
1411.50
1415.50
1420.50
1421.50
1422.00
1422.50
1423.50
1423.50
1424.00
1423.50
1422.50
1421.50
1420.50
1420.00
1419.50
1417.50
1415.50
1413.00
1410.00
1409.00
1407.00
1406.00
1405.50
1405.00
1405.19
1405.00
1405.50
1409.17
1416.50
1418.00
1421.00
1422.50
1424.00
1427.00
1429.50
1438.00
1447.00
1448.50
1449.50
1450.50
1451.00
1452.00
1451.61
1453.20
1454.50
1450.50
1449.50
1448.00
1444.50
1433.07
1422.50
1422.50
1421.50
1421.00
1421.00
1421.00
1421.50
1422.15
1423.52
1424.85
1426.20
1425.96
1427.90
1427.73
1426.50
1426.00
1425.45
1423.36
1422.21
1419.00
1407.00
1405.00
1399.50
1397.50
1395.50
1395.50
1395.50
1395.50
1395.50
1396.00
1397.00
1397.50
1398.00
1399.00
1399.50
1400.00
1400.00
1400.50
1400.50
1400.00
1400.00
1399.50
1399.00
1399.50
1400.00
1400.50
1401.50
1402.50
1404.00
1406.50
1410.50
1417.50
1416.00
1412.00
1423.28
1423.56
1430.50
1434.50
1436.50
1437.50
1439.00
1439.50
1439.50
1439.50
1439.60
1439.60
1439.00
1437.50
1435.00
1433.12
1432.96
1433.12
1433.30
1434.40
1435.50
1436.00
1436.00
1436.00
1436.50
1435.89
1434.38
1432.33
1429.34
1428.45
1427.36
1425.08
1424.25
1423.03
1421.29
1423.13
1421.17
1419.50
1420.00
1419.50
1420.00
1426.78
1430.90
1433.26
1436.00
1436.50
1436.50
1437.00
1437.00
1438.00
1438.50
1438.50
1439.42
1438.90
1437.50
1437.50
1433.93
1430.90
1429.28
1427.47
1428.00
1427.50
1426.00
1423.72
1421.68
1420.00
1419.50
1420.00
1419.92
1421.50
1426.60
1424.92
1430.00
1442.50
1448.20
1450.24
1450.50
1452.45
1453.80
1453.14
1453.58
1464.50
1437.45
1434.48
1430.72
1412.61
1418.50
1419.50
1421.00
1421.00
1422.50
1423.00
1427.00
1430.50
1432.55
1435.54
1436.60
1439.00
1440.00
1441.00
1447.00
1450.00
1450.00
1449.50
1449.50
1449.00
1444.08
1441.50
1439.50
1435.50
1434.50
1433.50
1432.50
1430.50
1427.00
1426.75
1425.00
1425.00
1424.84
1423.50
1424.32
1424.32
1424.50
1422.30
1417.72
1427.00
1427.50
1427.50
1427.50
1428.50
1429.00
1429.00
1429.00
1429.00
1428.50
1428.00
1427.50
1427.00
1424.50
1425.54
1425.00
1426.50
1427.00
1431.00
1432.00
1433.00
1436.59
1438.00
1439.00
1439.00
1439.00
1438.50
1438.00
1436.07
1434.00
1433.00
1430.50
1426.00
1418.50
1416.00
1414.68
1411.72
1410.00
1409.50
1409.00
1409.00
1409.00
1410.64
1413.18
1417.50
1423.00
1424.50
1425.00
1425.50
1425.50
1425.50
1426.00
1426.50
1427.00
1429.50
1431.50
1432.00
1432.50
1432.50
1431.50
1431.00
1430.00
1427.00
1425.00
1424.50
1420.58
1413.50
1410.50
1407.50
1406.00
1406.00
1405.50
1406.00
1406.00
1407.00
1408.50
1409.50
1410.50
1411.00
1411.50
1411.50
1411.50
1410.76
1408.00
1406.00
1404.50
1401.50
1399.00
1397.50
1397.00
1397.00
1397.00
1398.00
1398.50
1399.50
1405.00
1409.00
1410.50
1411.50
1412.50
1413.00
1414.00
1415.00
1417.00
1417.50
1418.50
1419.00
1421.00
1423.50
1424.50
1424.50
1425.00
1425.50
1425.00
1423.50
1419.50
1416.50
1416.50
1415.50
1415.50
1415.00
1414.50
1413.50
1413.00
1412.50
1412.00
1411.50
1411.50
1411.00
1409.50
1409.50
1409.00
1409.50
1410.50
1411.00
1412.00
1414.00
1415.50
1416.50
1417.50
1421.00
1422.00
1423.50
1426.50
1429.50
1444.50
1449.50
1456.00
1460.50
1462.00
1463.50
1464.50
1464.50
1464.50
1464.00
1461.00
1457.34
1453.00
1452.50
1448.03
1444.41
1431.50
1426.77
1422.97
1416.00
1412.80
1410.50
1409.50
1409.50
1408.50
1407.50
1407.50
1407.50
1408.00
1408.50
1409.50
1410.00
1410.50
1410.00
1409.50
1405.50
1404.00
1403.00
1401.00
1399.00
1398.00
1397.50
1397.00
1396.50
1396.50
1397.00
1397.50
1398.50
1399.50
1399.50
1400.00
1400.50
1400.50
1400.50
1400.50
1404.69
1408.50
1409.50
1411.00
1412.50
1418.46
1418.50
1419.00
1419.50
1420.00
1420.50
1420.50
1420.50
1420.00
1420.50
1420.50
1420.50
1421.00
1421.50
1422.00
1423.50
1434.07
1437.47
1443.93
1445.75
1446.18
1436.72
1451.10
1455.25
1465.50
1468.00
1469.00
1469.00
1469.00
1469.00
1466.50
1466.00
1465.50
1465.00
1466.56
1464.62
1462.50
1456.16
1451.00
1445.00
1442.00
1441.26
1439.24
1437.93
1432.00
1430.50
1429.00
1423.00
1416.00
1413.00
1411.00
1409.50
1408.50
1407.00
1406.50
1405.00
1405.00
1404.50
1404.50
1406.00
1408.00
1409.00
1410.50
1414.50
1417.00
1426.50
1430.00
1431.50
1430.65
1431.20
1430.55
1428.50
1427.50
1427.00
1425.00
1424.00
1423.50
1423.50
1422.50
1422.50
1422.00
1422.00
1422.00
1422.00
1419.95
1419.00
1417.00
1414.00
1413.50
1412.00
1410.50
1410.00
1409.00
1409.50
1409.50
1409.50
1405.88
1399.50
1410.50
1417.00
1418.00
1418.50
1418.50
1418.00
1416.00
1414.00
1413.00
1412.50
1411.50
1411.00
1410.50
1410.00
1410.00
1410.00
1411.00
1411.00
1416.79
1418.50
1419.42
1420.12
1420.00
1421.45
1421.35
1426.59
1428.07
1427.50
1427.50
1426.00
1425.00
1424.00
1422.50
1422.00
1422.00
1422.00
1422.50
1423.50
1423.94
1425.00
1426.60
1428.50
1430.50
1430.50
1441.78
1466.00
1480.00
1484.00
1492.32
1493.00
1498.00
1504.00
1504.82
1504.45
1504.50
1504.50
1503.00
1500.50
1496.00
1493.50
1491.00
1482.49
1474.00
1467.00
1466.00
1463.69
1458.00
1454.00
1450.00
1449.00
1448.50
1448.00
1448.50
1449.00
1449.50
1450.50
1453.00
1454.50
1456.00
1456.50
1459.00
1463.00
1464.50
1465.46
1464.50
1465.00
1464.50
1463.68
1461.06
1459.76
1456.20
1452.77
1447.27
1446.26
1439.79
1435.39
1433.79
1433.15
1433.92
1435.50
1437.50
1440.09
1442.16
1444.41
1447.71
1450.11
1455.00
1457.00
1458.00
1459.50
1459.50
1461.00
1461.80
1462.50
1463.50
1468.00
1469.68
1470.91
1473.00
1480.00
1482.00
1484.00
1485.50
1488.00
1492.00
1491.60
1490.50
1492.00
1495.50
1507.81
1513.00
1515.50
1518.50
1521.00
1528.50
1530.00
1535.00
1543.00
1545.00
1546.50
1547.50
1549.00
1555.50
1557.50
1560.00
1562.00
1564.00
1570.71
1576.50
1578.50
1580.00
1586.50
1590.00
1608.00
1615.50
1626.00
1630.00
1631.50
1637.61
1640.00
1642.00
1643.50
1644.00
1645.00
1644.50
1647.73
1652.00
1648.33
1639.74
1647.11
1646.59
1646.79
1639.33
1642.23
1688.06
1669.88
1694.34
1846.06
2119.04
2162.61
2155.98
2247.36
2220.37
2407.92
2597.79
3258.13
3186.66
2886.60
2674.48
2638.19
2180.04
2205.75
2509.86
2132.30
2117.87
2132.84
1969.00
1976.50
1987.99
2011.97
2027.31
2032.07
2034.71
2038.06
2046.15
2054.00
2061.00
2063.50
2183.00
2075.43
2073.00
2074.00
2074.50
2074.50
2075.50
2072.91
2071.00
2070.50
2069.50
2069.00
2068.00
2056.50
2045.07
2040.57
2028.00
2021.00
2007.11
2019.02
2010.98
1987.83
1962.45
1987.01
2119.27
1940.00
1929.50
1919.50
1906.50
1902.33
1898.50
1892.00
1883.50
1876.50
1866.50
1861.11
1852.95
1847.50
1834.61
1822.00
1800.50
1787.15
1776.50
1765.47
1751.50
1735.00
1721.52
1710.00
1680.72
1658.08
1640.50
1636.37
1630.31
1613.06
1605.58
1603.51
1595.39
1586.50
1578.80
1574.00
1571.07
1569.50
1569.00
1569.00
1568.50
1568.50
1568.50
1568.50
1566.58
1560.50
1552.00
1549.50
1548.50
1547.00
1543.79
1540.00
1539.50
1534.00
1528.00
1526.50
1526.00
1526.00
1526.00
1526.50
1527.50
1528.00
1529.00
1530.00
1530.50
1530.50
1531.00
1530.50
1530.50
1528.50
1515.40
1517.78
1518.03
1503.73
1502.45
1498.81
1508.71
1488.94
1478.50
1478.50
1478.50
1478.50
1478.50
1478.50
1478.50
1478.50
1478.00
1477.00
1471.54
1467.50
1463.50
1462.00
1460.50
1453.50
1450.50
1446.50
1443.00
1440.50
1439.50
1439.50
1436.07
1430.00
1429.50
1429.00
1429.00
1428.50
1427.15
1423.50
1422.00
1421.50
1420.50
1420.50
1420.50
1420.00
1420.50
1421.50
1422.50
1424.50
1429.00
1436.50
1440.50
1445.50
1446.91
1448.00
1450.00
1451.00
1452.00
1454.00
1454.50
1455.00
1455.00
1455.00
1455.00
1457.26
1466.00
1468.00
1469.50
1471.00
1472.00
1473.00
1473.00
1473.50
1473.00
1473.00
1473.00
1472.50
1471.50
1471.00
1467.50
1467.00
1466.50
1466.50
1462.79
1467.00
1468.00
1468.50
1473.00
1476.50
1477.50
1477.50
1478.00
1477.00
1477.00
1476.00
1475.00
1469.50
1467.00
1466.50
1466.00
1466.50
1466.50
1466.50
1467.50
1468.50
1472.00
1472.50
1475.81
1481.00
1488.00
1491.87
1494.00
1496.50
1500.50
1510.00
1512.50
1514.50
1517.00
1518.50
1526.00
1535.00
1540.00
1544.50
1546.00
1552.62
1574.32
1582.50
1587.50
1591.00
1604.45
1609.50
1611.50
1613.00
1620.95
1627.00
1640.50
1650.50
1657.00
1666.00
1668.50
1672.50
1675.50
1681.00
1687.50
1693.50
1708.00
1713.47
1742.38
1759.03
1789.50
1808.50
1833.67
1856.61
1877.50
1905.03
1896.24
1905.66
1964.78
1965.57
1989.50
2016.05
2033.17
2052.00
2071.00
2083.41
2104.49
2117.50
2131.31
2154.56
2171.50
2180.92
2213.20
2234.64
2250.04
2284.48
2315.34
2336.62
2334.00
2350.53
2371.65
2411.80
2428.92
2440.37
2454.37
2492.93
2516.09
2549.00
2562.00
2566.50
2570.00
2582.50
2603.87
2614.32
2635.62
2659.71
2677.51
2700.11
2729.15
2752.02
2766.87
2776.00
2783.80
2801.89
2820.00
2824.47
2831.81
2950.00
2950.00
2862.50
2866.00
2866.50
2866.50
2866.50
2865.50
2862.00
2860.00
2858.50
2854.50
2847.00
2846.00
2844.50
2840.62
2838.97
2837.84
2832.92
2828.00
2821.50
2812.74
2792.43
2786.63
2780.50
2776.00
2773.50
2766.50
2760.54
2747.41
2736.50
2719.97
2703.96
2685.00
2672.50
2663.00
2645.00
2629.50
2626.00
2606.80
2587.00
2559.85
2539.82
2528.50
2515.00
2512.00
2509.00
2504.65
2474.75
2403.89
2392.93
2346.96
2319.00
2303.50
2283.49
2262.21
2239.17
2221.94
2211.38
2190.00
2172.53
2151.93
2132.50
2115.51
2101.84
2091.00
2085.00
2057.44
2041.72
2023.50
2009.50
1991.51
1975.00
1958.51
1947.76
1934.47
1925.00
1912.00
1902.63
1877.99
1857.50
1838.57
1828.50
1812.00
1801.94
1794.00
1789.50
1778.00
1757.50
1750.50
1737.25
1719.50
1712.00
1702.50
1696.50
1687.50
1676.50
1668.00
1662.00
1658.50
1653.50
1651.00
1649.50
1648.00
1648.00
1648.00
1648.50
1649.50
1650.00
1650.50
1657.00
1660.92
1667.50
1678.50
1680.00
1681.00
1682.00
1683.50
1685.00
1687.50
1693.00
1695.00
1698.50
1700.50
1702.00
1703.50
1705.50
1709.00
1714.50
1717.00
1718.00
1720.50
1727.00
1728.50
1728.50
1728.00
1723.42
1719.00
1717.14
1718.00
1717.50
1718.00
1718.50
1718.00
1722.55
1770.03
1794.39
1836.61
1868.53
1883.50
1891.50
1901.58
1912.50
1919.00
1926.69
1948.00
1961.00
1984.00
1993.78
2004.50
2012.00
2031.67
2040.32
2052.82
2069.00
2078.00
2085.50
2087.50
2090.50
2092.00
2093.00
2093.00
2093.50
2096.50
2099.50
2100.47
2104.05
2100.50
2099.50
2098.00
2098.50
2101.00
2102.00
2102.00
2102.50
2102.50
2102.50
2102.50
2098.00
2096.00
2098.16
2102.27
2095.50
2097.76
2090.69
2038.71
2023.11
2007.00
2004.50
1996.50
1989.50
1978.16
1965.00
1955.25
1942.49
1936.00
1929.00
1916.50
1913.00
1902.50
1891.00
1881.00
1877.00
1871.50
1863.15
1849.50
1846.50
1842.50
1833.91
1810.73
1796.00
1794.00
1790.50
1788.50
1787.50
1786.00
1777.06
1775.00
1773.50
1763.50
1761.00
1757.50
1757.50
1758.50
1760.50
1765.00
1767.00
1768.00
1768.50
1769.90
1775.75
1789.95
1793.59
1806.50
1809.50
1866.27
1873.98
1888.16
1902.76
1915.10
1931.08
1946.74
1956.90
1972.00
1985.69
2007.50
2025.74
2043.50
2050.98
2073.79
2083.60
2106.00
2111.00
2117.00
2123.00
2127.00
2133.22
2144.00
2150.29
2154.00
2157.96
2163.61
2164.73
2165.29
2164.50
2164.00
2163.50
2151.50
2150.55
2151.05
2149.50
2147.00
2140.81
2132.58
2125.31
2094.98
2084.00
2064.50
2057.00
2051.50
2049.50
2048.00
2045.50
2039.56
2029.84
2026.02
2011.27
1986.00
1979.50
1965.50
1941.00
1921.50
1914.50
1897.50
1867.29
1844.00
1831.50
1815.53
1805.50
1787.50
1779.54
1765.00
1757.00
1747.50
1729.11
1715.32
1698.50
1680.96
1662.15
1657.00
1646.50
1641.16
1596.78
1577.00
1569.00
1569.00
1560.70
1555.03
1550.03
1542.50
1540.50
1538.00
1537.04
1528.00
1527.50
1527.00
1527.00
1528.00
1528.00
1528.50
1529.50
1531.00
1534.50
1538.50
1539.50
1540.50
1541.00
1541.50
1543.00
1547.89
1553.50
1562.00
1563.50
1566.50
1567.00
1575.35
1578.47
1577.62
1600.45
1619.50
1629.50
1634.67
1649.00
1664.00
1669.50
1677.74
1702.00
1717.50
1730.00
1749.00
1767.00
1782.50
1786.00
1790.00
1794.67
1800.91
1823.97
1837.00
1848.91
1878.05
1894.83
1914.59
1937.16
1951.00
1971.00
1986.00
2008.50
2021.50
2041.00
2058.00
2066.43
2079.48
2095.96
2108.13
2130.90
2149.08
2155.85
2168.63
2174.50
2187.50
2193.00
2208.50
2225.00
2222.95
2225.00
2231.00
2233.00
2234.50
2236.96
2241.00
2242.50
2243.00
2242.50
2360.00
2242.50
2242.50
2243.39
2241.12
2236.50
2223.50
2222.50
2225.36
2223.00
2221.30
2218.00
2215.50
2164.36
2121.50
2104.52
2089.00
2082.00
2071.00
2046.82
2037.00
2013.42
1993.53
1990.53
1964.01
1947.00
1940.50
1933.00
1927.70
1910.00
1907.00
1898.85
1886.50
1878.26
1863.39
1848.58
1815.51
1798.00
1781.00
1772.00
1773.02
1750.22
1730.78
1705.21
1689.50
1667.50
1649.00
1631.36
1637.18
1628.29
1625.50
1623.00
1619.50
1618.50
1610.50
1609.50
1608.50
1604.50
1602.50
1601.00
1600.50
1598.50
1596.50
1595.00
1594.50
1593.50
1583.00
1581.00
1580.00
1579.00
1578.00
1577.50
1575.50
1568.50
1568.00
1566.50
1666.03
1566.50
1567.00
1568.50
1570.00
1572.50
1579.66
1587.31
1592.53
1597.50
1603.00
1609.00
1611.50
1615.62
1613.00
1613.00
1613.00
1613.00
1612.50
1612.00
1612.50
1613.00
1665.77
1663.12
1619.50
1620.98
1624.21
1634.79
1634.00
1634.00
1634.50
1635.00
1635.50
1637.63
1638.14
1623.72
1622.50
1618.37
1620.26
1604.76
1598.83
1590.75
1556.77
1538.08
1533.38
1531.00
1524.00
1522.50
1521.00
1519.00
1511.50
1509.50
1508.50
1507.04
1508.00
1506.61
1505.50
1495.50
1489.00
1488.50
1487.50
1486.50
1486.50
1486.00
1485.50
1485.00
1484.50
1484.50
1484.00
1483.00
1479.00
1473.84
1471.00
1470.50
1470.50
1469.50
1469.00
1468.50
1469.00
1468.50
1469.00
1472.00
1477.00
1478.50
1481.00
1482.50
1485.50
1489.50
1491.50
1496.95
1496.00
1497.42
1500.00
1500.00
1500.18
1499.33
1584.00
1499.20
1499.50
1499.00
1499.00
1499.00
1499.00
1498.50
1500.73
1498.88
1497.00
1488.50
1485.00
1482.50
1480.00
1479.00
1479.00
1479.00
1471.50
1452.32
1439.67
1431.27
1430.00
1425.00
1417.50
1416.50
1416.00
1415.50
1415.50
1417.58
1424.68
1426.00
1418.50
1417.50
1417.00
1416.50
1415.50
1412.87
1415.50
1418.00
1423.00
1436.26
1439.43
1440.00
1439.50
1438.00
1434.00
1428.50
1426.00
1423.00
1422.00
1420.50
1418.50
1418.00
1410.50
1409.50
1409.00
1409.00
1409.00
1409.00
1409.00
1409.50
1410.00
1409.50
1410.00
1410.00
1408.00
1408.50
1409.00
1412.00
1412.50
1414.00
1415.00
1416.95
1419.00
1420.50
1420.59
1422.00
1422.00
1421.50
1421.00
1418.55
1410.00
1409.46
1404.25
1401.50
1396.50
1396.50
1396.50
1397.00
1397.50
1398.00
1399.50
1403.92
1407.50
1410.00
1420.00
1423.50
1425.00
1426.00
1426.00
1426.00
1425.50
1424.50
1423.00
1419.13
1410.59
1406.93
1402.00
1399.50
1394.50
1393.00
1392.50
1392.00
1391.50
1391.50
1391.50
1391.50
1391.50
1391.50
1392.00
1398.00
1399.00
1399.50
1402.00
1403.00
1404.00
1405.00
1406.00
1405.50
1405.50
1405.00
1403.96
1403.48
1399.77
1394.50
1393.50
1392.50
1391.50
1388.96
1386.00
1385.50
1385.50
1385.50
1384.50
1384.00
1383.50
1384.00
1385.00
1385.50
1387.00
1388.00
1390.00
1391.50
1393.00
1393.50
1394.00
1394.00
1394.50
1395.50
1403.50
1404.00
1407.00
1408.50
1407.25
1409.50
1410.50
1416.00
1422.50
1423.50
1444.00
1449.50
1465.50
1476.50
1480.50
1485.00
1487.50
1489.57
1494.00
1497.50
1506.50
1509.50
1510.50
1512.00
1512.00
1512.50
1515.00
1518.50
1523.00
1527.50
1529.00
1530.50
1531.00
1531.00
1531.50
1531.00
1530.50
1530.00
1528.00
1528.00
1529.00
1533.00
1533.50
1534.00
1535.00
1535.00
1536.00
1538.50
1543.56
1554.50
1556.00
1556.50
1556.50
1555.50
1554.50
1554.50
1553.00
1550.50
1545.72
1536.00
1529.50
1519.87
1509.75
1506.00
1502.58
1498.05
1497.09
1495.47
1495.36
1496.00
1497.50
1499.50
1501.00
1503.00
1503.00
1503.50
1503.50
1503.00
1502.50
1500.50
1489.50
1481.29
1476.00
1466.50
1463.00
1458.50
1451.00
1447.50
1446.50
1446.00
1446.00
1446.00
1446.50
1447.00
1448.00
1449.00
1449.50
1450.50
1451.00
1451.00
1451.00
1450.50
1449.76
1448.47
1446.26
1426.83
1420.43
1468.00
1464.79
1408.00
1407.00
1457.10
1404.50
1397.93
1390.50
1390.50
1391.00
1392.50
1394.00
1396.00
1403.00
1406.50
1408.50
1411.06
1417.00
1432.00
1436.50
1450.00
1458.50
1460.50
1464.27
1469.00
1471.00
1472.50
1475.00
1481.00
1482.50
1483.50
1485.50
1491.00
1496.00
1497.00
1497.50
1498.00
1498.00
1498.00
1498.00
1594.34
1499.00
1503.00
1505.00
1508.49
1516.58
1530.48
1542.92
1545.00
1545.50
1548.50
1551.76
1566.23
1602.88
1608.50
1610.58
1614.00
1618.00
1621.19
1646.81
1659.03
1662.00
1664.00
1675.05
1677.57
1689.00
1692.00
1694.50
1696.00
1697.00
1809.00
1695.50
1691.50
1687.50
1686.50
1685.00
1681.50
1677.50
1672.50
1660.50
1653.50
1649.50
1643.00
1641.00
1639.50
1637.50
1631.50
1628.50
1625.50
1621.50
1618.50
1618.00
1584.86
1571.21
1565.03
1563.00
1553.63
1524.50
4385.00
1574.36
1512.50
1511.50
1511.00
1510.50
1511.00
1511.50
1511.50
1511.50
1510.50
1509.50
1508.50
1506.00
1501.12
1490.50
1488.50
1488.50
1488.00
1487.50
1486.00
1484.00
1480.00
1472.70
1465.50
1464.50
1464.00
1464.50
1465.00
1466.50
1469.50
1471.00
1472.00
1475.00
1476.00
1477.50
1480.00
1484.00
1486.50
1488.00
1489.00
1490.00
1490.00
1490.50
1490.50
1490.50
1492.00
1487.00
1483.50
1483.00
1483.00
1482.00
1481.00
1480.50
1480.00
1481.00
1481.50
1484.00
1489.00
1498.00
1501.50
1511.50
1512.49
1511.22
1517.09
1521.50
1529.71
1536.00
1537.50
1540.50
1542.50
1544.00
1545.00
1546.00
1547.50
1550.00
1551.50
1553.00
1554.00
1554.50
1555.50
1562.00
1569.00
1570.50
1572.00
1579.80
1600.00
1605.00
1611.19
1626.50
1629.00
1637.50
1644.50
1651.50
1662.50
1674.95
1688.00
1701.50
1708.50
1714.00
1723.50
1732.72
1746.50
1753.00
1757.50
1762.50
1769.85
1775.00
1777.00
1780.00
1790.00
1806.00
1812.50
1816.50
1819.00
1841.74
1841.76
1871.23
1874.03
1877.85
1887.17
1920.00
1922.50
1932.82
1939.90
1948.50
1956.06
1969.00
1973.50
1978.00
1984.50
1986.00
1988.50
1992.92
1997.30
1998.50
1999.00
2000.00
2001.64
2137.00
2137.00
1993.50
1993.00
1994.50
1995.50
2140.00
2142.00
1998.48
2006.72
2024.50
2024.50
2025.00
2024.50
2024.50
2024.00
2024.00
2024.50
2024.50
4853.00
2024.00
2023.50
2025.00
2020.37
2017.40
2013.00
2011.50
2011.00
2010.50
2010.50
2007.00
1969.94
1935.76
1922.27
1913.39
1903.00
1890.55
1880.24
1912.46
1921.92
1866.53
1821.00
1819.05
1899.76
1837.45
1825.77
1756.19
1852.93
1704.00
1694.00
1672.05
1657.54
1647.79
1636.26
1623.93
1607.22
1596.71
1582.92
1574.50
1568.50
1552.00
1549.00
1538.00
1522.50
1511.00
1495.50
1491.50
1486.00
1482.50
1478.00
1472.50
1470.50
1463.20
1452.50
1451.50
1451.00
1450.00
1450.00
1450.00
1450.50
1450.00
1450.00
1450.00
1449.50
1446.50
1444.50
1441.50
1438.00
1423.50
1411.51
1402.28
1396.00
1393.50
1392.00
1390.50
1390.00
1382.94
1378.50
1378.00
1378.50
1381.50
1384.00
1385.50
1388.50
1392.00
1393.00
1394.00
1396.50
1403.14
1404.00
1405.00
1405.50
1406.50
1407.50
1412.00
1414.50
1417.00
1422.50
1425.00
1425.50
1425.50
1425.00
1423.50
1419.62
1418.07
1414.50
1414.50
1412.50
1411.00
1409.50
1408.00
1407.50
1406.00
1404.50
1403.50
1396.50
1392.00
1390.50
1389.50
1388.50
1388.50
1388.50
1388.00
1388.00
1388.50
1388.50
1389.00
1389.50
1389.50
1389.50
1389.50
1387.00
1386.50
1385.64
1386.29
1385.00
1384.50
1383.50
1382.50
1382.00
1381.50
1381.00
1380.00
1376.73
1370.80
1370.50
1369.50
1369.02
1368.25
1369.00
1369.00
1370.00
1370.50
1371.00
1372.00
1372.50
1372.63
1372.47
1371.39
1367.00
1363.00
1362.00
1355.00
1354.00
1353.50
1353.50
1353.50
1354.00
1354.50
1355.00
1355.50
1355.50
1355.00
1350.50
1350.00
1349.00
1348.00
1347.00
1346.00
1346.00
1345.50
1346.00
1346.50
1347.50
1348.00
1348.86
1349.00
1347.97
1349.75
1360.29
1377.85
1386.56
1389.00
1391.22
1386.23
1383.93
1386.31
1384.80
1384.00
1379.88
1380.00
1371.50
1371.00
1370.00
1370.00
1369.00
1369.00
1368.50
1368.50
1368.50
1367.50
1366.50
1365.00
1362.50
1361.50
1441.14
4870.00
1356.50
1348.00
1346.50
1345.00
1344.00
1342.50
1342.50
1342.00
1339.23
1337.00
1336.50
1336.50
1337.00
1337.00
1337.00
1337.50
1344.00
1346.00
1353.85
1366.77
1368.17
1367.05
1372.70
1388.06
1397.36
1413.28
1419.50
1424.00
1425.50
1427.50
1430.00
1437.50
1440.50
1441.50
1441.50
1441.05
1439.50
1438.50
1437.00
1432.00
1430.50
1427.50
1426.50
1425.50
1425.00
1424.00
1423.50
1424.00
1424.50
1426.50
1427.50
1428.50
1431.50
1436.81
1438.84
1434.35
1437.81
1449.74
1450.50
1455.10
1463.50
1464.00
1465.00
1466.00
1466.50
1467.00
1468.00
1468.50
1468.50
1469.50
1471.50
1474.50
1479.50
1481.50
1483.00
1486.57
1497.19
1504.09
1508.26
1516.50
1522.00
1526.00
1532.04
1549.00
1559.00
1572.87
1589.50
1596.50
1601.00
1614.00
1618.00
1624.50
1632.99
1646.50
1650.50
1659.42
1668.33
1675.00
1688.50
1701.00
1705.50
1710.00
1712.50
1719.50
1724.00
1727.00
1731.50
1735.00
1747.50
1748.50
1749.00
1750.00
1751.50
1758.50
1762.50
1763.50
1765.00
1766.00
1766.50
1767.50
1768.00
1769.00
1770.50
1770.50
1770.50
1771.00
1771.00
1771.00
1770.50
1771.00
1771.00
1771.50
1771.00
1769.03
1763.00
1762.00
1761.50
1761.00
1752.76
1754.78
1736.38
1731.00
1729.50
1725.50
1724.50
1726.00
1726.50
1732.50
1736.50
1739.50
1745.50
1751.44
1755.50
1760.00
1762.50
1765.50
1767.00
1771.50
1780.50
1795.54
1810.00
1815.84
1821.27
1826.50
1828.00
1828.50
1830.00
1835.00
1842.50
1845.50
1845.50
1846.00
1846.00
1846.50
1846.50
1847.29
1847.40
1848.50
1849.36
1854.15
1851.00
1854.00
1856.00
4869.00
1857.00
1857.50
1857.50
1857.50
1856.50
1856.00
1856.00
1856.50
1858.50
1859.33
1859.86
1860.00
1859.50
1859.50
1859.00
1857.00
1855.50
1855.00
1855.00
1854.50
1854.00
1852.50
1847.00
1847.67
1764.52
1734.47
1737.38
1705.50
1686.00
1667.50
1690.14
4869.00
1651.15
1639.02
1637.00
1634.00
1627.50
1612.08
1600.11
1588.50
1585.50
1576.50
1573.00
1569.50
1565.50
1563.50
1562.50
1554.00
1549.50
1545.50
1541.50
1537.00
1533.00
1494.88
1463.77
1446.34
1446.85
1444.40
1444.41
1443.25
1440.20
1422.78
1435.95
1451.00
1452.00
1451.50
1450.50
1449.50
1447.50
1445.00
1443.50
1441.50
1440.00
1439.00
1437.50
1437.00
1436.00
1432.00
1431.00
1430.00
1430.00
1427.31
1425.50
1425.00
1424.50
1423.50
1423.50
1423.50
1423.50
1423.50
1423.00
1419.00
1418.00
1417.50
1417.50
1417.50
1417.50
4531.00
1418.00
1419.00
1419.50
1420.00
1420.00
1420.00
1419.50
1419.00
1412.44
1409.00
1408.50
1407.80
1407.84
1399.79
1388.22
1380.00
1373.22
1372.50
1371.50
1368.00
1364.50
1363.50
1362.50
1361.00
1359.50
1358.50
1356.50
1355.00
1351.50
1349.50
1348.00
1347.50
1348.00
1356.00
1358.00
1358.50
1364.00
4544.00
1371.91
1379.26
1379.88
1385.00
1393.23
1453.47
1412.50
1421.00
4725.00
1430.50
1430.86
1432.50
1433.00
1619.38
1438.50
1444.00
1445.50
1448.50
1452.00
1452.50
1453.00
1453.50
1453.00
1452.50
1442.98
1440.00
1440.00
1438.50
1433.00
1431.00
1422.50
1415.50
1411.50
1406.00
1401.00
1396.50
1395.50
1396.00
1396.00
1397.00
1397.50
1398.00
1399.50
1400.50
1401.50
1403.50
1406.00
1407.50
1407.00
1407.00
4734.00
1523.97
1398.00
1395.40
1389.15
1381.05
1377.95
1374.00
1371.78
1357.84
1351.50
4744.00
1344.50
1344.00
1343.00
1342.50
1343.50
1345.00
1350.50
1353.50
1355.50
1356.50
1357.00
1357.50
1357.00
1357.00
1356.50
1356.50
1356.50
1356.50
1356.50
1356.50
1357.00
1360.82
1365.33
1372.50
1375.00
1376.77
1379.94
1387.00
1390.94
1391.00
1394.50
1395.00
1396.00
1397.50
1398.50
1399.00
1400.00
1400.50
1400.50
1400.50
1400.50
1398.58
1390.00
1389.50
1388.50
1385.50
1381.00
1377.50
1374.17
1370.50
1370.00
1369.50
1368.50
1366.50
1359.00
1357.50
1356.00
1355.50
1355.00
1355.00
1356.00
1356.00
1357.00
1359.00
1361.63
1363.50
1367.50
1375.00
1379.21
1389.02
1395.49
1401.65
1402.50
1404.38
1407.00
1409.00
1417.00
1420.00
1420.00
1420.00
1419.50
1418.50
1409.50
1408.00
1404.50
1402.50
1403.00
1404.00
1400.50
1398.00
1393.77
1384.00
1383.00
1379.50
1379.50
1379.50
1380.43
1380.50
1382.50
1383.50
1384.50
1385.50
1388.50
1389.50
1394.39
1398.50
1399.50
1399.50
1399.50
1400.00
1400.00
1400.50
1400.50
1402.00
1402.50
1403.00
1403.50
1403.50
1403.00
1402.50
1400.50
1396.00
1394.50
1394.00
1392.50
1391.50
1390.50
1390.00
1389.50
1386.50
1384.50
1383.50
1382.50
1379.14
1376.00
1375.00
1374.50
4375.00
1467.81
1376.00
1378.50
1381.50
1383.00
1385.50
1389.95
1394.50
1397.00
1397.09
1402.50
1408.00
1409.50
1410.00
1411.00
1411.50
1412.50
1414.50
1418.00
1419.00
1422.00
1422.50
1424.50
1425.50
1427.00
1432.50
1433.00
1433.50
4871.00
1433.50
1432.50
1430.50
1428.50
1426.50
1426.00
1425.50
1424.00
1421.50
1417.97
1415.50
1414.50
1414.00
1414.00
1415.00
1416.50
1419.50
1421.50
1424.00
1429.50
1433.52
1439.50
1445.00
1449.50
1452.00
1453.50
1454.00
1452.50
1447.50
1446.50
1445.00
1443.50
1441.50
1440.50
1439.00
1434.00
1433.00
1431.00
1421.00
1416.50
1412.38
1410.37
1406.90
1405.50
1405.00
1401.50
1392.50
1389.00
1388.00
1387.50
1387.00
1387.50
1389.00
1393.00
1393.00
1393.50
1394.00
1394.50
1394.50
1394.50
1393.50
1391.00
1385.71
1384.50
1382.00
1379.92
1378.72
1378.71
1377.06
1376.50
1374.00
1373.00
1372.29
1371.60
1372.50
1373.00
1373.12
1374.00
1375.00
1376.00
1380.93
1386.50
1397.00
1401.50
1402.50
1402.00
1402.00
1403.50
1442.49
1465.76
1475.00
1476.50
1478.00
1482.47
1485.00
1486.50
1487.00
1488.00
1489.00
1490.50
1496.00
1498.00
1498.50
1499.50
1499.79
1501.00
1501.00
1501.00
1501.50
1501.00
1500.00
1499.00
1498.50
1497.00
1495.50
1495.00
1495.00
1495.50
1497.50
1501.50
1505.50
1507.50
1508.50
1509.50
1510.00
1510.50
1514.00
1515.34
1516.24
1518.08
1515.00
1512.50
1511.50
1511.00
1510.50
1510.50
1510.50
1511.00
1512.00
1517.50
1520.50
1523.89
1529.00
1531.50
1534.50
1537.00
1537.50
1538.00
1539.00
1539.00
1538.00
1536.50
1532.00
1530.50
1529.70
1529.00
1528.00
1526.50
1499.96
1491.08
1485.13
1484.50
1475.00
1467.94
1448.78
1439.00
1407.71
1396.55
1399.29
1382.05
1386.03
1382.38
1399.09
1433.50
1442.00
1445.00
1447.50
1450.50
1454.00
1461.00
1463.50
1464.50
1465.50
1466.00
1467.00
1467.00
1467.89
1465.50
1464.29
1458.51
1456.00
1455.00
1454.00
1447.26
1442.50
1442.00
1442.00
1442.00
1442.50
1442.83
1443.55
1444.14
1445.05
1445.57
1446.00
1447.00
1450.50
1455.50
1456.50
1458.00
1459.50
1461.50
1473.85
1476.00
1485.00
1491.50
1500.50
1504.00
1508.00
1509.31
1511.97
1517.00
1521.50
1524.45
1528.50
1533.00
1535.00
1535.50
1536.50
1538.50
1543.50
1547.50
1548.00
1548.50
1549.00
1548.50
1548.00
1548.00
1547.50
1545.50
1544.50
1542.50
1539.00
1535.50
1535.50
1535.50
1536.00
1540.50
1557.27
1559.84
1573.57
1578.14
1579.79
1583.98
1592.22
1596.83
1609.60
1623.00
1629.50
1632.00
1633.00
1633.50
1634.50
1634.50
1772.00
1637.12
1648.50
1652.00
1653.50
1655.00
1656.00
1657.00
1657.50
1657.50
1657.50
1657.00
1655.50
1651.00
1648.00
1646.50
1645.50
1643.17
1640.00
1637.50
1620.06
1609.24
1592.64
1590.37
1588.01
1585.50
1579.00
1554.50
1539.50
1533.50
1532.00
1527.00
1525.50
1524.50
1521.00
1519.50
1519.00
1519.00
1519.00
1519.50
1519.50
1520.50
1523.00
1530.41
1534.00
1535.00
1535.50
1536.00
1536.00
1536.00
1532.68
1527.66
1527.43
1524.75
1514.75
1500.35
1483.11
1478.47
1473.00
1471.50
1468.50
1462.25
1458.50
1451.52
1447.50
1438.50
1426.50
1422.00
1420.50
1420.00
1419.00
1418.00
1418.00
1415.00
1409.50
1406.50
1406.00
1405.00
1405.00
1405.50
1405.50
1406.50
1409.00
1411.00
1412.42
1414.50
1423.36
1426.03
1427.69
1428.36
1428.97
1427.74
1427.86
1427.22
1427.50
1427.04
1426.50
1427.00
1428.00
1428.50
1429.50
1429.50
1429.50
1430.00
1430.00
1430.00
1428.50
1421.00
1420.00
1419.50
1419.00
1418.00
1417.50
1417.50
1415.50
1412.00
1411.00
1410.50
1410.50
1414.00
1416.50
1417.50
1421.50
1421.17
1436.67
1438.10
1448.17
1452.77
1460.00
1461.50
1462.00
1463.50
1464.00
1464.50
1464.50
1465.00
1465.00
1465.50
1466.50
1467.50
1467.50
1468.00
1468.00
1468.00
1468.00
1467.50
1466.50
1465.50
1465.00
1464.50
1465.00
1465.50
1465.50
1465.50
1467.90
1464.00
1462.50
1461.00
1460.00
1456.50
1455.00
1453.50
1452.00
1449.50
1449.00
1448.50
1449.00
1449.50
1452.50
1456.50
1459.50
1461.50
1462.50
1464.79
1469.68
1472.50
1477.00
1480.00
1484.00
1525.70
1537.00
1549.00
1555.00
1559.00
1574.36
1584.50
1600.84
1604.50
1606.50
1608.50
1612.00
1619.50
1630.50
1651.00
1654.52
1660.00
1671.00
1677.00
1685.00
1696.00
1698.00
1699.50
1703.50
1713.03
1775.59
2186.24
2441.24
2647.14
2644.90
2466.97
2540.97
3315.31
2003.04
1937.45
1977.50
1978.50
1985.50
1988.50
1992.50
1998.62
2016.01
2026.00
2059.50
2079.50
2084.00
2102.85
2123.32
2136.00
2157.27
2177.97
2215.75
2249.79
2263.42
2286.95
2300.00
2312.60
2358.10
2393.59
2423.42
2463.48
2477.76
2511.08
2522.03
2545.25
2570.48
2584.09
2607.54
2637.26
2662.56
2685.09
2707.00
2730.46
2750.50
3036.00
2755.00
2781.09
2792.00
2804.44
2813.18
2824.50
2830.01
2835.87
2840.00
2850.20
2849.50
2848.50
2843.50
2840.50
2838.50
2836.00
2832.00
2827.50
2826.00
2823.00
2818.50
2807.82
2801.50
2792.00
2777.97
2767.62
2755.68
2743.26
2730.50
2720.90
2709.50
2698.98
2678.00
2670.50
2653.40
2632.78
2615.70
2593.02
2577.28
2562.00
2547.00
2524.62
2507.19
2488.18
2455.96
2432.65
2408.46
2398.00
2379.49
2361.97
2333.43
2322.01
2311.53
2286.78
2260.54
2252.50
3089.00
2205.00
2192.00
2184.50
2175.00
2169.50
2126.56
2074.50
2066.50
2042.00
2024.11
2011.61
1987.58
1955.55
1949.00
1941.00
1929.00
1921.00
1919.50
1916.00
1912.00
1909.00
1907.50
1906.50
1906.00
1906.50
1907.50
1909.00
1911.74
1922.50
1923.00
1925.00
1927.50
1936.00
1938.00
1943.90
1949.00
1956.00
1961.00
1962.50
1963.50
1964.50
1967.50
1974.00
1982.50
1984.00
1985.50
1987.00
1988.50
1991.50
1996.00
2011.00
2026.00
2028.00
2030.50
2035.50
2038.00
2044.00
2048.00
2052.00
2054.50
2057.56
2062.21
2062.20
2057.93
2055.50
2054.83
2055.50
2056.62
2058.54
2058.08
2113.50
2107.50
2208.68
2236.56
2241.50
2246.39
2337.08
2250.00
2253.00
2255.50
2257.50
2265.50
2268.50
2273.00
2275.08
2281.00
2280.50
2282.00
2282.00
2282.00
2282.50
2281.94
2281.00
2280.62
2276.00
2272.50
2270.50
2270.00
2269.00
2267.00
2265.50
2265.00
2264.50
2264.50
2264.50
2264.00
2263.50
2263.00
2262.50
2262.50
2263.00
2263.50
2264.50
2268.62
2269.29
2274.32
2271.38
2272.81
2274.60
2277.00
2315.45
2323.00
2491.27
3085.12
2556.08
2477.06
2431.89
2398.21
2361.37
2463.18
2466.16
2480.59
2491.34
2506.76
2519.74
2530.50
2559.91
2582.77
2600.31
2614.63
2624.02
2629.00
2646.63
2667.45
2683.04
2711.75
2735.71
2762.86
2795.50
2820.76
2832.02
2840.03
2841.80
2858.41
2880.83
2898.52
2918.09
2926.50
2944.59
2965.00
2976.00
2988.50
2992.50
2996.88
3004.86
3014.54
3020.44
3030.07
3032.13
3037.00
3038.00
3039.00
3179.00
3040.13
3039.50
3039.00
3038.50
3037.00
3033.50
3030.00
3021.50
3018.00
3011.10
3002.70
3000.62
2984.81
2969.11
2961.92
2958.77
2953.26
2911.35
2875.65
2860.31
2834.39
2801.72
2758.20
2747.11
2714.84
2692.59
2661.84
2644.25
2580.97
2569.36
2559.50
2546.21
2531.46
2517.64
2502.50
2468.20
2407.00
2391.50
2397.64
2361.02
2337.95
2325.02
2295.00
2282.26
2256.49
2228.03
2198.02
2173.69
2159.50
2149.84
2143.00
2128.81
2107.47
2092.50
2065.77
2047.96
2037.55
2019.78
1997.50
1977.50
1955.57
1939.00
1919.50
1899.00
1880.00
1856.22
1843.00
1831.87
1816.87
1807.72
1805.65
1791.83
1781.76
1768.80
1760.57
1747.84
1744.18
1742.87
1740.85
1739.50
1735.50
1734.00
1730.00
1724.00
1723.00
1722.50
1723.00
1724.00
1724.50
1729.70
1734.83
1736.50
1748.42
1752.50
1756.00
1764.50
1771.26
1804.00
1844.03
1844.89
1858.10
1866.00
1887.17
1876.19
1865.36
1885.08
1892.88
1932.50
1946.76
1959.87
1978.50
1993.42
2012.00
2029.57
2050.50
2057.00
2065.50
2073.00
2082.50
2093.82
2117.00
2131.00
2142.45
2170.00
2201.29
2214.59
2223.50
2229.50
2264.00
2285.67
2297.00
2325.53
2355.60
2363.38
2365.50
2372.21
2382.92
2387.00
2390.00
2393.50
2395.50
2396.50
2397.50
2403.50
2406.00
2407.50
2409.50
2410.50
2412.00
2413.00
2413.00
2413.50
2415.69
2417.41
2422.75
2413.41
2409.69
2408.90
2393.55
2381.69
2354.52
2344.83
2318.04
2285.53
2274.59
2254.03
2232.00
2215.98
2203.43
2193.50
2176.50
2164.95
2158.50
2150.50
2142.04
2105.88
2065.52
2043.47
2055.01
2116.59
2139.05
2035.66
2029.87
1978.31
2006.35
2018.42
2075.42
2021.52
1982.76
1793.59
1760.86
1755.00
1744.99
1730.50
1725.00
1721.00
1701.36
1690.10
1684.00
1659.50
1640.58
1623.61
1617.00
1615.00
1613.00
1607.50
1605.00
1602.50
1595.50
1587.33
1575.00
1561.00
1558.00
1555.50
1550.00
1542.00
1531.48
1521.50
1514.00
1506.50
1498.50
1493.50
1489.00
1481.00
1466.50
1453.00
1442.50
1433.50
1429.50
1427.00
1422.00
1419.00
1418.00
1416.00
1414.00
1413.00
1413.00
1413.50
1413.50
1417.50
1419.00
1421.50
1423.00
1424.00
1425.00
1425.00
1425.00
1425.00
1423.00
1421.50
1419.00
1417.00
1414.50
1413.00
1412.00
1411.00
1410.00
1410.00
1410.00
1410.00
1410.00
1410.50
1411.00
1411.50
1411.50
1411.50
1411.00
1406.36
1400.00
1399.00
1398.50
1396.50
1394.50
1394.00
1393.00
1393.00
1393.50
1394.00
1400.14
1406.62
1408.00
1408.50
1412.45
1416.66
1418.06
1423.10
1432.07
1440.00
1441.00
1441.50
1442.50
1442.50
1442.50
1442.50
1440.79
1442.44
1444.00
1445.00
1447.00
1450.00
1452.00
1454.00
1455.00
1458.50
1465.50
1467.00
1468.50
1470.00
1474.48
1476.14
1476.50
1477.00
1487.50
1502.50
1509.00
1512.00
1517.50
1522.50
1527.50
1530.00
1533.50
1598.80
4364.00
1616.02
1551.50
1553.00
1559.50
1561.50
1565.00
1567.50
1568.00
1569.17
1569.50
1575.09
1600.50
1604.93
1633.64
1649.50
1657.00
1657.00
1663.00
1665.00
1668.50
1672.50
1674.00
1675.00
1675.50
1676.00
1676.00
1676.00
1675.50
1673.00
1671.00
1670.00
1669.00
1668.00
1667.00
1667.50
1667.00
1667.50
1677.95
1678.90
1668.50
1668.00
1672.47
1668.45
1668.39
1668.36
1667.14
1665.22
1662.28
1676.97
1678.55
1679.50
1679.00
1678.50
1678.00
1678.00
1678.00
1690.00
1677.60
1677.00
1675.00
1674.50
1671.18
1668.50
1668.00
1666.50
1666.00
1662.32
1659.50
1656.50
1631.45
1629.16
1622.00
1613.00
1602.69
1597.00
1591.00
1589.00
1586.00
1581.00
1576.64
1573.50
1572.50
1571.50
1559.00
1550.50
1544.50
1527.16
1521.00
1515.00
1511.50
1506.00
1497.50
1485.50
1477.50
1466.50
1464.00
1460.50
1458.00
1457.00
1453.00
1451.50
1451.00
1450.00
1450.35
1448.87
1448.50
1445.63
1442.00
1434.50
1431.50
1430.00
1429.00
1427.22
1425.50
1424.50
1423.00
1422.50
1422.00
1422.00
1422.50
1423.00
1423.50
1424.50
1425.50
1426.00
1426.50
1427.00
1426.50
1424.00
1420.00
1419.00
1416.50
1415.00
1414.50
1412.50
1410.40
1402.51
1393.00
1391.00
1390.00
1389.00
1392.00
1391.47
1384.50
1376.20
1371.50
1371.00
1368.50
1368.00
1367.00
4378.00
4378.00
4378.00
4378.00
4378.00
1363.00
1363.50
1363.50
1364.00
1365.13
4378.00
4378.00
4378.00
4371.00
1378.80
1382.70
1383.50
1385.00
1386.50
1391.81
1395.00
1399.00
1400.00
1402.50
1403.50
1404.00
1404.50
1405.50
1406.00
1405.50
1405.00
1404.50
1402.50
1401.50
1401.50
1401.50
1401.50
1402.00
1405.65
1411.00
1414.50
1420.00
1424.00
1430.00
1431.76
1433.71
1439.50
1443.15
1446.00
1447.00
1447.50
1447.50
1447.50
1447.00
1447.00
1447.00
1447.00
1447.00
1447.00
1447.50
1448.00
1449.00
1448.50
1448.50
1448.50
1448.00
1447.50
1447.00
1447.00
1446.50
1447.50
1448.50
1449.50
1451.00
1451.50
1452.00
1452.00
1452.00
1452.00
1453.50
1483.00
1486.50
1498.33
1510.00
1513.50
1517.50
1525.00
1531.00
1545.50
1551.50
1555.50
1558.50
1568.83
1583.50
1596.00
1601.00
1608.50
1612.00
1621.00
1625.50
1628.50
1630.00
1638.50
1648.50
1655.50
1658.50
1659.00
1659.50
1659.00
1658.00
1656.50
1654.00
1653.00
1650.50
1648.00
1646.50
1638.00
1632.00
1625.00
1619.50
1616.50
1614.50
1612.00
1604.50
1597.50
1593.00
1588.50
1585.50
1582.00
1580.00
1578.00
1575.00
1571.00
1566.00
1560.00
1549.00
1544.50
1540.50
1524.08
1515.00
1511.50
1508.50
1505.50
1501.00
1494.00
1484.00
1473.00
1465.50
1460.00
1455.50
1452.50
1452.00
1452.00
1451.50
1448.52
1447.40
1446.00
1445.11
1443.86
1443.50
1443.00
1442.50
1442.00
1440.50
1439.50
1439.50
1439.50
1439.50
1440.00
1440.50
1442.50
1446.00
1449.00
1453.00
1455.50
1455.50
1455.00
1454.00
1453.00
1452.00
1451.00
1453.37
1450.00
1447.98
1441.55
1433.98
1427.50
1422.50
1414.67
1403.00
1400.50
1393.00
1389.50
1386.00
1384.00
1383.00
1382.00
1374.50
1371.50
1370.50
1370.50
1371.00
1374.03
1383.00
1389.50
1391.50
1396.52
1404.00
1409.51
1416.91
1438.40
1447.50
1460.70
1469.35
1475.08
1482.96
1488.50
1500.50
1507.50
1511.00
1514.50
1517.00
1531.93
1546.00
1547.50
1549.00
1549.50
1550.50
1551.00
1559.51
1559.50
1560.00
1559.50
1559.00
1558.00
1557.50
1557.50
1558.00
1558.50
1559.00
1560.00
1562.00
1565.50
1569.50
1581.04
1586.50
1589.50
1693.00
1593.62
1593.50
1596.13
1596.00
1600.72
1733.00
1615.18
1613.00
1597.37
1611.50
1610.00
1605.00
1603.50
1602.50
1598.00
1596.50
1592.00
1584.55
1577.50
1575.50
1572.50
1571.50
1560.50
1557.50
1550.50
1528.50
1525.00
1522.00
1519.50
1515.78
1508.97
1503.02
1493.50
1489.50
1481.50
1477.48
1473.50
1472.50
1471.50
1471.00
1469.50
1462.00
1461.00
1452.26
1446.50
1443.50
1441.50
1440.50
1435.00
1434.00
1433.50
1433.50
1434.50
1436.00
1440.46
1445.00
1445.50
1445.50
1445.50
1446.00
1446.00
1446.00
1446.00
1446.00
1446.50
1447.50
1448.50
1450.00
1452.00
1454.50
1457.50
1461.50
1466.50
1468.50
1469.50
1471.00
1471.00
1472.00
1472.00
1476.50
1478.00
1479.50
1484.00
1487.70
1491.00
1492.50
1493.00
1493.00
1493.00
1493.50
1492.00
1491.50
1491.00
1611.00
1490.50
1490.00
1489.50
1488.00
1486.00
1484.50
1484.00
1484.00
1484.50
1485.00
1485.50
1486.00
1486.50
1487.00
1487.50
1488.50
1489.50
1491.50
1492.00
1491.50
1491.50
1484.50
1483.00
1482.50
1481.98
1483.00
1484.00
1484.00
1484.50
1484.00
1485.00
1511.58
1532.23
1551.01
1570.77
1612.28
1627.59
1636.00
1643.00
1644.00
1649.64
1655.12
1662.00
1664.00
1665.50
1674.50
1679.00
1681.50
1682.50
1684.50
1686.00
1691.00
1693.50
1704.50
1709.50
1712.00
1714.50
1715.00
1718.00
1720.00
1721.00
1722.00
1722.00
1722.50
1727.00
1726.00
1723.50
1724.91
1721.50
1720.50
1718.50
1706.51
1704.00
1695.71
1689.68
1681.16
1678.03
1673.29
1670.50
1667.00
1663.00
1661.00
1660.00
1660.50
1660.00
1660.50
1660.50
1660.00
1658.64
1656.50
1656.00
1655.50
1654.50
1646.87
1633.85
1611.49
1591.50
1586.00
1562.54
1536.00
1534.00
1532.50
1531.00
1528.50
1528.00
1523.50
1521.00
1520.00
1519.50
1520.00
1520.50
1523.00
1525.00
1525.50
1526.50
1529.00
1533.50
1535.00
1536.00
1536.50
1536.50
1536.00
1535.50
1535.00
1534.50
1532.00
1527.50
1525.00
1521.00
1519.50
1518.50
1518.00
1518.00
1518.00
1516.87
1517.35
1519.50
1517.94
1517.94
1518.96
1520.00
1518.48
1518.46
1520.00
1519.50
1519.50
1513.07
1513.07
1485.73
1481.00
1475.00
1461.00
1453.50
1449.50
1448.00
1444.80
1440.00
1439.00
1438.00
1437.00
1434.65
1432.83
1428.52
1426.50
1427.00
1426.50
1425.00
1424.00
1424.00
1424.00
1425.00
1426.50
1427.00
1428.00
1432.50
1433.57
1439.24
1441.35
1441.63
1443.00
1444.00
1445.50
1445.50
1446.00
1446.50
1447.78
1448.40
1449.36
1448.33
1447.86
1446.46
1433.88
1428.00
1423.73
1419.42
1416.86
1417.50
1416.50
1411.50
1411.73
1412.00
1412.00
1412.00
1414.51
1418.50
1418.50
1419.50
1420.00
1420.00
1420.00
1420.00
1419.50
1419.00
1419.00
1418.50
1418.00
1414.35
1412.40
1410.17
1412.00
1411.00
1484.30
1489.84
1408.00
1408.00
1409.50
1413.00
1415.00
1417.50
1421.50
1423.00
1428.50
1433.50
1437.64
1440.00
1441.64
1443.95
1447.50
1450.00
1451.50
1454.00
1460.50
1461.00
1461.50
1461.50
1461.00
1458.00
1451.27
1441.35
1435.40
1433.71
1428.28
1417.01
1408.43
1400.00
1399.50
1394.50
1390.50
1389.50
1389.50
1389.50
1389.50
1389.00
1388.50
1388.50
1389.50
1390.00
1396.00
1400.00
1401.00
1402.00
1403.50
1405.50
1410.50
1416.00
1424.00
1435.50
1437.00
1437.50
1438.00
1438.50
1438.00
1437.50
1437.00
1436.00
1434.86
1431.78
1428.39
1428.74
1428.75
1428.76
1430.57
1433.92
1434.05
1435.40
1436.84
1437.42
1441.50
1445.50
1451.50
1453.00
1454.50
1455.50
1455.50
1450.66
1445.50
1444.00
1440.00
1436.93
1433.07
1431.00
1429.50
1421.50
1418.50
1416.50
1413.50
1413.50
1414.00
1414.00
1414.50
1414.50
1414.50
1414.00
1413.50
1413.00
1413.00
1413.00
1413.00
1413.00
1413.50
1415.00
1418.50
1420.00
1421.50
1423.00
1430.50
1433.00
1435.50
1436.50
1439.00
1441.00
1444.21
1445.11
1445.50
1453.00
1454.35
1461.25
1472.79
1477.00
1479.00
1489.00
1489.50
1490.50
1491.50
1497.50
1498.50
1501.00
1501.50
1502.50
1503.00
1507.00
1509.00
1509.50
1511.50
1514.00
1519.00
1523.00
1525.50
1526.50
1531.50
1534.00
1545.00
1546.50
1643.00
1556.00
1556.50
1557.50
1557.50
1557.00
1555.50
1553.00
1546.50
1546.00
1542.28
1538.22
1537.50
1535.00
1530.50
1518.27
1509.00
1507.50
1507.21
1506.74
1503.50
1499.00
1493.50
1490.50
1488.00
1488.00
1486.69
1486.69
1487.85
1489.16
1490.50
1491.50
1491.81
1492.15
1492.50
1492.00
1491.50
1491.00
1483.78
1480.50
1478.50
1477.00
1481.03
1478.58
1468.73
1464.00
1458.00
4391.00
1453.00
1452.50
1451.50
1420.34
4391.00
1398.50
1397.00
1386.44
1391.50
1384.24
1378.50
1376.30
1376.50
1377.00
1379.00
1379.50
1380.00
1385.00
1389.00
1390.50
1390.03
1389.00
1391.12
1392.50
1392.50
1393.21
1394.50
1393.50
1392.50
1385.00
1383.00
1378.50
1377.00
1375.00
1374.50
1371.50
1370.50
1368.50
1364.50
1364.50
1364.50
1366.00
1367.50
1370.28
1368.72
1368.38
1368.51
1369.33
1370.94
1372.00
1372.00
1372.50
1372.50
1373.00
1373.50
1374.50
1374.50
1374.50
1374.50
1375.00
1375.00
1376.00
1377.00
1378.00
1378.50
1378.50
1379.00
1379.00
1378.50
1378.00
1377.00
1377.00
1377.50
1377.50
1377.50
1378.50
1394.13
1405.50
1394.60
1397.88
1385.68
1408.36
1385.53
1385.27
1372.00
1371.00
1383.00
1382.50
1385.96
1409.00
1408.40
1408.50
1406.50
1404.00
1371.80
1366.76
1361.34
1353.50
1340.00
1337.50
1337.00
1337.00
1337.00
1337.50
1338.00
1338.00
1338.50
1339.00
1339.00
1339.50
1339.00
1338.00
1337.50
1336.50
1335.50
1332.50
1330.50
1325.26
1320.00
1311.29
1309.50
1309.00
1310.50
1318.00
1319.00
1319.50
1320.00
1321.38
1324.50
1325.04
1326.00
1325.50
1325.00
1325.50
1325.00
1323.00
1317.28
1316.78
1315.50
1315.00
1316.21
1316.00
1317.50
1318.00
1319.84
1319.32
1326.67
1312.50
1308.50
1306.00
1304.00
1300.07
1301.20
1301.75
1303.86
1313.50
1019.00
1318.92
1319.50
1320.55
1321.00
1325.42
1331.21
1329.00
1329.00
1328.50
1329.00
1329.00
1329.50
1329.50
1330.00
1331.00
1331.50
1331.00
1330.50
1331.00
1325.88
1330.00
1334.29
1312.77
1312.50
1311.50
1302.90
1295.71
1304.96
1302.08
1310.50
1311.00
1310.13
1304.04
1315.50
1317.00
1317.00
1318.00
1318.00
1318.00
1318.50
1318.50
1318.50
1318.97
1322.15
1323.86
1327.46
1330.15
1332.00
1335.00
1342.00
1353.41
1362.30
1369.50
1374.00
1376.12
4852.00
1379.80
1384.50
1384.50
1395.87
1401.50
1406.50
1408.96
1411.58
1414.23
1415.81
1419.51
1420.53
1420.63
1421.14
1420.79
1419.86
1418.50
1418.00
1417.00
1418.12
1415.00
1413.10
1411.50
1411.00
1410.00
1409.00
1406.72
1410.14
1420.50
1421.50
4384.00
4384.00
1394.50
1394.50
1394.50
1398.36
1397.00
1401.50
1403.45
1404.50
1404.50
1405.33
4384.00
1405.30
1406.00
1408.14
1412.00
1413.34
1413.50
1414.00
1414.50
1415.50
1416.00
1416.00
1416.50
1416.50
1416.00
1415.00
1412.50
1409.50
1406.50
1404.50
1403.00
1402.50
1401.50
1401.50
1402.00
1403.00
1408.59
1415.00
1420.00
1423.75
1408.48
1431.73
1467.50
1468.50
1457.00
1452.57
1456.50
1454.71
1455.00
1456.93
1455.24
1448.00
1446.00
1445.38
1444.73
1444.73
1444.73
1444.91
1432.00
1446.16
1446.68
1452.36
1455.00
1460.36
1461.53
1463.18
1468.15
1469.50
1472.50
1475.14
1477.50
1483.54
1491.52
1495.00
1500.50
1502.00
1503.00
1504.50
1508.65
1511.50
1513.00
1514.00
1514.00
1515.58
1515.93
1514.50
1515.50
1513.00
1512.00
1511.00
1509.50
1509.17
1498.00
1494.15
1484.89
1481.00
1480.00
1479.00
1478.50
1477.50
1473.50
1467.65
1464.00
1463.50
1462.50
1461.50
1461.00
1460.00
1460.26
1459.50
1459.50
1459.00
1459.00
1459.00
1459.50
1460.00
1460.50
1461.00
1463.00
1467.50
1471.00
1473.50
1482.50
1486.89
1491.50
1495.00
1497.71
1499.42
1504.00
1505.70
1506.00
1505.50
1504.50
1502.50
1497.00
1494.47
1485.98
1483.00
1478.00
1477.50
1477.00
1475.00
1473.00
1466.50
1466.00
1465.50
1465.50
1468.35
1473.00
1476.00
1479.00
1481.00
1481.50
1482.00
1482.50
1482.00
1481.50
1476.00
1474.50
1473.50
1472.00
1463.50
1459.00
1454.05
1450.83
1446.50
1439.50
1432.54
1425.86
1416.28
1415.00
1414.50
1408.00
1400.00
1398.50
4392.00
1396.19
1388.15
1384.00
1381.50
1379.50
1377.50
1376.00
1374.00
1373.00
1372.00
1371.50
1371.00
1370.50
1369.00
1367.50
1366.50
1366.50
1365.50
1363.50
1366.00
1366.50
1367.50
1369.00
1377.50
1384.00
1386.50
1389.50
1390.50
1391.00
1392.00
1392.50
1393.81
1400.00
1403.00
1404.00
1407.50
1409.50
1411.00
1411.50
1412.50
1413.00
1415.00
1417.00
1427.81
1439.00
1445.08
1446.17
1446.86
1448.20
1449.50
1450.25
1450.00
1450.00
1450.00
1449.00
1449.00
1444.50
1435.94
1433.00
1427.50
1424.50
1420.50
1420.50
1420.00
1419.50
1419.00
1418.50
1418.00
1418.00
1418.00
1419.00
1420.00
1421.00
1423.00
1424.00
1424.50
1426.00
1428.50
1429.50
1430.50
1431.00
1432.00
1432.50
1432.00
1429.25
1426.00
1419.00
1418.00
1413.00
1412.00
1411.00
1409.07
1399.50
1398.00
1394.00
1393.50
1393.50
1394.50
1396.00
1397.50
1398.50
1404.76
1408.04
1407.16
1407.66
1410.50
1421.59
1435.00
1441.61
1448.50
1453.97
1456.50
1456.50
1456.50
1456.00
1456.50
1456.00
1455.50
1455.00
1455.00
1455.50
1456.00
1457.00
1457.50
1458.50
1461.50
1463.00
1467.50
1483.50
1476.14
1481.00
1481.00
1480.62
1479.19
1478.05
1477.61
1480.00
1480.00
1483.25
1501.87
1510.00
1516.50
1518.00
1519.50
1520.00
1519.50
1519.00
1518.50
1517.50
1513.14
1656.00
1614.00
1503.50
1495.50
1490.50
1488.00
1486.00
1483.00
1482.00
1481.50
1481.00
1480.50
1480.00
1480.50
1481.50
1483.50
1483.50
1487.00
1488.50
1489.50
1494.50
1496.00
1497.00
1497.50
1497.50
1497.36
1496.90
1496.42
1495.16
1485.19
1481.96
1477.75
1478.50
1475.50
1474.50
1472.50
1462.00
1451.50
1433.50
1421.00
1416.09
1413.00
1409.50
1408.50
1410.50
1413.00
1419.50
1422.00
1423.00
1434.88
1438.00
1440.50
1444.00
1448.50
1450.00
1453.00
1453.50
1454.00
1452.29
1446.25
1441.50
1437.00
1435.50
1433.51
1432.16
1432.47
1431.57
1432.50
1433.00
1435.04
1436.38
1442.81
1462.00
1471.00
1472.50
1474.50
1477.00
1480.00
1481.50
1486.80
1488.50
1490.00
1490.50
1490.50
1490.50
1490.00
1488.50
1488.00
1487.00
1487.00
1486.50
1484.50
1483.00
1481.50
1480.50
1479.00
1478.00
1477.50
1477.50
1478.50
1481.50
1481.50
1481.50
1482.00
1482.50
1483.00
1483.00
1483.00
1483.00
1483.00
1483.00
1479.50
1477.50
1477.50
1477.00
1477.00
1477.50
1478.00
1478.50
1478.50
1480.00
1482.00
1484.00
1484.50
1486.00
1488.58
1494.50
1498.50
1499.00
1500.03
1499.51
1499.00
1498.40
1496.87
1496.50
1496.50
1496.50
1496.31
1496.71
1496.45
1501.37
1506.50
1514.98
1517.67
1522.28
1517.50
1519.11
1517.50
1517.00
1516.00
1515.00
1515.00
1515.00
1515.00
1516.00
1516.00
4391.00
1524.00
1525.00
1525.50
1525.50
1525.50
1525.50
1525.50
1522.50
1522.00
1515.80
1509.50
1502.48
1499.00
1499.18
1499.83
1503.36
1506.00
1507.50
1508.50
1508.50
1514.50
1515.50
1515.00
1516.00
1515.50
1516.00
1512.17
1510.50
1511.83
1513.00
1521.00
1527.08
1565.54
1571.50
1592.50
1595.50
1606.50
1611.50
1627.93
1646.49
1655.00
1658.50
1666.58
1675.26
1698.00
1719.76
1740.20
1732.40
1747.70
1754.78
1758.35
1770.50
1782.50
1789.00
1802.94
1819.50
1823.00
1831.49
1855.93
1865.50
1872.50
1904.27
1920.29
1919.45
1943.00
1980.14
2002.44
2027.59
2093.66
2151.85
2090.23
2076.32
2092.47
2091.59
2101.41
2117.21
2126.50
2147.85
2165.89
2169.94
2184.43
2232.30
2243.42
2244.53
2264.75
2292.02
2338.41
2354.29
2359.89
2432.11
2430.22
2510.52
2656.44
2520.31
2490.70
2490.97
2537.03
2565.54
2568.64
2598.62
2614.79
2623.70
2664.68
2652.96
2695.35
2762.49
2795.78
2874.48
2880.70
2854.38
2875.23
2871.83
2861.81
2854.19
2885.96
2906.89
2922.30
2945.40
2959.50
2971.19
2987.96
3012.27
3051.37
3086.49
2933.30
3068.64
3085.18
3130.87
3128.95
3169.71
3197.54
3220.95
3254.58
3277.82
3289.84
3300.32
3324.77
3341.55
3343.00
3350.57
3359.00
3375.04
3392.50
3401.00
3409.95
3415.00
3415.50
3417.00
3418.00
3423.36
3428.78
3428.72
3422.91
3419.39
3423.33
3417.46
3414.51
3412.06
3406.56
3401.24
3395.07
3390.64
3381.00
3370.40
3359.72
3351.00
3343.50
3338.00
3322.00
3320.50
3312.07
3304.33
3327.26
3291.44
3275.24
3270.50
3237.98
3224.79
3212.83
3188.78
3172.50
3158.50
3149.00
3142.50
3132.00
3124.00
3101.25
3059.02
3041.41
3015.83
2993.97
2968.90
2953.37
2932.99
2923.70
2910.21
2893.65
2891.62
2866.74
2858.00
2851.50
2832.97
2814.50
2806.91
2796.50
2790.00
2781.50
2778.00
2773.50
2758.00
2752.00
2751.00
2749.00
2746.50
2743.00
2737.50
2733.00
2731.00
2729.50
2728.50
2727.00
2724.50
2720.00
2716.74
2715.00
2715.00
2714.56
2715.50
2716.00
2716.00
2716.00
2716.00
2716.50
2719.50
2723.43
2784.50
2798.90
1017.00
2822.23
2842.50
2859.70
2883.68
2902.00
2913.50
2920.50
2930.17
2941.50
2948.50
2956.50
2962.50
2974.81
3004.00
3015.42
3025.00
3038.00
3044.50
3052.00
3054.50
3062.50
3071.50
3081.73
3103.50
3110.00
3113.50
3119.00
3122.38
3127.00
3131.50
3351.00
3351.00
3154.00
3158.00
3165.50
3171.60
3176.00
3180.00
3185.50
3188.50
3201.00
3208.27
3214.50
3216.00
3218.50
3219.50
3222.50
3219.87
3209.93
3185.46
3175.50
3175.00
3175.50
3178.50
3179.00
3181.50
3194.89
3208.65
3222.59
3230.19
3283.50
3381.00
3303.38
3315.50
3316.00
3317.00
3322.50
3323.00
3382.50
3384.00
3540.00
3317.00
3315.50
3312.23
3304.50
3302.00
3301.00
3293.91
3281.90
3267.46
3261.42
3244.03
3232.75
3225.41
3226.03
3212.12
3198.78
3179.50
3167.78
3152.85
3145.50
3135.50
3104.06
3099.50
3087.00
3085.00
3073.81
3050.10
3028.70
2994.19
2975.51
2963.21
2945.50
2926.99
2910.25
2891.98
2872.39
2858.00
2838.00
2806.10
2793.06
2759.47
2739.07
2720.01
2706.93
2684.36
2663.71
2634.98
2610.02
2573.24
2560.26
2540.34
2523.02
2501.01
2467.59
2455.72
2432.58
2409.78
2380.60
2366.94
2353.05
2337.45
2321.10
2303.59
2300.77
2280.15
2260.42
2233.84
2211.66
2204.50
2194.39
2179.50
2169.00
2161.00
2156.00
2154.50
2149.83
2146.00
2141.50
2139.00
2126.00
2123.50
2120.00
2119.00
2117.81
2118.00
2118.00
2118.00
2118.50
2119.00
2123.00
2124.00
2126.50
2127.50
2130.50
2132.97
2138.00
2183.94
2204.50
2223.66
2230.00
2236.41
2258.33
2271.72
2279.96
2292.51
2314.51
2340.39
2356.45
2376.79
2393.50
2437.33
2477.86
2496.60
2536.89
2541.46
2543.04
2561.71
2583.63
2601.66
2592.43
2727.57
2926.34
3293.43
3352.79
2998.21
3122.61
3145.84
3400.89
3350.53
3168.65
2932.15
2956.00
2968.95
2989.00
3009.37
3023.50
3033.67
3045.20
3058.47
3070.50
3075.96
3079.00
3085.03
3090.71
3092.53
3097.17
3096.08
3098.91
3199.00
3242.00
3098.00
3087.29
3082.14
3072.01
3065.90
3054.86
3039.50
3002.80
2991.50
2972.28
2931.70
2924.28
2902.73
2895.97
2892.43
2813.54
3084.51
3342.67
3365.17
3208.80
2756.81
2672.78
2674.05
2650.73
2643.22
4383.00
4383.00
4383.00
4383.00
2510.06
2482.84
2447.98
2410.05
2403.46
2392.01
2366.26
2329.82
2295.73
2275.80
2244.42
2233.84
2223.46
2197.18
2181.38
2154.22
2135.64
2109.50
2102.82
2084.25
2079.40
2020.72
1987.46
1968.31
1951.00
1940.50
1931.50
1925.50
1903.00
1883.23
1866.00
1860.00
1848.00
1836.00
1835.68
1849.41
1825.00
1802.06
1782.35
1739.70
1727.26
1713.50
1708.50
1706.00
1698.00
1694.50
1686.50
1677.00
1652.50
1647.00
1634.50
1629.00
1627.00
1625.00
1621.00
1615.50
1611.50
1606.50
1605.50
1605.50
1607.40
1612.50
1613.50
1615.00
1617.00
1618.50
1621.50
1622.50
1623.00
1625.50
1634.00
1638.32
1641.50
1640.50
1640.50
1634.89
1633.50
1632.50
1629.39
1627.00
1625.50
1623.00
1613.91
1602.00
1600.00
1598.00
1594.17
1590.50
1589.00
1588.50
1587.00
1585.50
1584.00
1583.00
1582.50
1579.62
1577.50
1576.50
1576.50
1576.00
1576.00
1576.00
1576.50
1576.50
1577.50
1578.50
1579.50
1580.50
1585.00
1585.50
1586.00
1589.50
1593.50
1595.50
1595.50
1595.21
1596.00
1601.54
1602.90
1609.00
1610.26
1608.50
1608.00
1616.77
1618.04
1621.36
1624.50
1627.65
1640.00
1647.00
1649.00
1653.36
1668.00
1670.50
1692.50
1700.50
1703.50
1704.50
1706.50
1710.00
1711.50
1720.57
1712.50
1720.28
1723.54
1728.00
1731.50
1733.50
1877.00
1737.00
1738.50
1739.50
1740.50
1740.50
1740.50
1740.00
1739.50
1740.00
1741.00
1742.00
1744.00
1755.00
1773.20
1777.50
1783.50
1784.50
1785.50
1787.00
1789.50
1793.00
1805.00
1808.50
1809.00
1809.50
1810.00
1810.50
1813.00
1816.00
1818.00
1820.40
1821.11
1821.95
1820.50
1821.50
1822.00
1823.89
1839.50
1844.00
1845.50
1847.00
1848.00
1849.00
1850.50
1852.50
1854.00
1856.50
1859.00
1861.50
1865.00
1869.50
1871.50
1873.00
1874.00
1875.50
1877.28
1878.58
1879.52
1879.19
1882.50
1882.64
1882.36
1880.05
1876.50
1875.50
1872.50
1872.00
1871.50
1871.50
1871.00
1871.00
1966.00
1871.50
1872.00
1873.50
1874.50
1876.00
1879.50
1882.00
1884.00
1884.62
1886.04
1899.00
1897.43
1887.88
1879.00
1878.00
1875.00
1872.05
1867.00
1865.00
1864.50
1864.00
1863.50
1863.50
1863.50
1863.50
1863.50
1861.88
1859.32
1857.48
1856.20
1855.21
1851.00
1847.42
1845.50
1830.50
1825.50
1814.50
1807.50
1806.00
1806.00
1805.50
1804.00
1803.50
1803.00
1803.00
1804.00
1806.00
1808.00
1812.00
1815.50
1816.50
1816.50
1816.00
1815.00
1815.00
1815.00
1815.00
1815.00
1815.00
1815.00
1811.50
1817.50
1841.83
1870.38
1908.36
1943.50
1952.00
1955.50
1961.00
2004.31
1991.00
1996.00
2010.50
2030.50
2040.40
2056.50
2058.99
2062.50
2070.00
2101.16
2114.84
4382.00
4382.00
2144.46
2146.64
2107.50
2109.35
2110.00
2118.50
2119.50
2123.00
2125.00
2125.50
2132.84
2125.50
2125.50
2125.00
2127.45
2123.00
2226.00
2236.00
2113.00
2110.00
2108.50
2097.47
2092.50
2089.00
2082.50
2072.98
2058.50
2055.50
2052.50
2040.00
2030.50
2025.50
2024.00
2022.50
2018.00
2011.00
2006.00
2004.00
2003.00
1993.67
1986.44
2001.00
1934.21
1912.01
1896.00
1897.49
1884.50
1857.62
1854.23
1850.20
1814.00
1795.20
1782.70
1756.00
1732.37
1722.50
1718.00
1715.00
1711.50
1709.50
1706.50
1699.50
1688.50
1668.56
1639.00
1624.61
1616.00
1608.00
1604.00
1599.50
1593.50
1576.50
1568.50
1547.45
1528.83
1513.00
1472.00
1471.50
1471.00
1471.50
1469.34
1466.68
1464.00
1460.50
1458.00
1455.00
1454.00
1453.50
1454.00
1454.00
1455.00
1456.50
1457.50
1458.00
1458.50
1458.50
1458.50
1458.50
1458.00
1458.00
1458.50
1458.50
1458.50
1459.00
1459.00
1460.00
1462.50
1465.00
1466.50
1467.00
1467.00
1467.50
1462.00
1461.50
1461.08
1453.71
1449.75
1459.00
1457.77
1439.35
1428.06
1417.53
1404.50
1399.50
1398.00
1398.00
1397.50
1396.50
1396.50
1396.00
1396.50
1399.00
1400.50
1402.00
1403.00
1404.00
1405.00
1407.00
1407.92
1416.50
1417.00
1417.50
1417.00
1416.50
1416.50
1416.50
1417.00
1417.00
1418.00
1419.00
1419.50
1420.50
1421.00
1422.00
1422.50
1423.00
1423.00
1425.13
1432.86
1437.50
1439.38
1440.50
1530.00
1451.91
1444.50
1445.00
1446.00
1446.00
1447.50
1449.00
1455.50
1458.00
1460.50
1462.50
1464.00
1465.50
1467.00
1470.12
1476.50
1477.50
1477.50
1477.50
1477.00
1477.50
1477.50
1477.00
1477.00
1477.50
1477.50
1478.00
1479.00
1482.00
1484.00
1485.00
1485.50
1487.00
1491.50
1506.17
1508.00
1509.00
1511.90
1516.50
1517.50
1518.50
1519.00
1519.50
1520.50
1521.00
1521.00
1521.00
1521.00
1520.50
1521.00
1665.50
1527.52
1522.00
1522.00
1521.50
1521.00
1521.00
1520.50
1520.00
1519.50
1519.00
1519.00
1519.00
1519.50
1520.00
1521.00
1522.00
1526.50
1528.00
1529.00
1529.50
1529.00
1529.50
1530.00
1530.00
1530.00
1530.50
1530.50
1530.88
1534.00
1530.50
1530.00
1529.00
1528.00
1526.50
1526.00
1524.50
1523.00
1519.50
1516.00
1515.00
1514.50
1489.19
1478.23
1476.22
1470.86
1463.34
1454.50
1452.02
1448.50
1447.00
1446.00
1445.50
1445.00
1444.00
1443.50
1438.00
1437.00
1435.50
1433.91
1431.44
1428.67
1427.41
1427.00
1426.00
1425.50
1417.50
1416.00
1415.50
1414.50
1414.50
1414.00
1413.50
1412.00
1412.50
1412.50
1413.00
1414.50
1415.50
1416.00
1417.00
1417.00
1417.00
1416.00
1412.50
1409.00
1406.50
1405.00
1404.50
1399.42
1397.50
1394.00
1389.29
1381.00
1381.00
1380.50
1380.50
1380.50
1380.50
1381.00
1380.50
1380.50
1379.00
1377.00
1376.50
1376.00
1375.50
1375.50
1376.00
1378.00
1383.95
1390.00
1394.50
1399.50
1404.00
1405.00
1405.50
1408.00
1417.00
1418.50
1419.00
1419.50
1420.00
1421.00
1424.50
1426.50
1433.00
1440.00
1442.50
1445.00
1449.00
1685.00
1685.00
1464.00
1465.50
1467.00
1470.00
1473.50
1475.50
1478.00
1482.50
1489.00
1496.37
1492.00
1494.00
1495.94
1496.00
1495.50
1495.50
1495.03
1491.00
1490.50
1490.50
1490.94
1489.89
1490.50
1595.00
1599.00
1492.42
1731.00
1496.00
1497.00
1498.00
1497.50
1497.00
1495.50
1492.50
1487.50
1723.00
1486.00
1485.50
1485.50
1485.00
1484.00
1482.39
1460.09
1449.77
1442.00
1452.22
1432.41
1423.00
1421.50
1418.50
1417.00
1416.00
1414.50
1413.50
1409.00
1407.50
1406.00
1405.00
1404.50
1404.50
1404.50
1404.50
1406.00
1406.50
1409.50
1411.00
1417.00
1419.50
1420.50
1421.50
1422.00
1422.00
1421.50
1420.50
1419.50
1419.00
1419.00
1418.00
1417.50
1417.50
1417.00
1416.00
1415.50
1415.00
1414.00
1413.50
1412.50
1410.00
1408.50
1408.00
1407.50
1407.50
1407.50
1409.00
1411.00
1412.50
1414.00
1414.00
1417.87
1408.93
1408.32
1408.58
1408.43
1407.56
1407.98
1407.58
1407.00
1407.50
1413.50
1412.50
1412.00
1410.00
1404.04
1401.00
1399.00
1398.00
1397.00
1395.50
1393.50
1392.50
1391.50
1390.00
1389.00
1387.50
1386.50
1385.50
1385.50
1385.50
1385.50
1385.00
1385.50
1386.00
1386.50
1387.00
1398.00
1401.50
1403.00
1404.00
1405.50
1408.00
1413.00
1418.50
1422.94
1430.50
1433.00
1436.00
1437.50
1438.50
1439.50
1441.00
1443.00
1447.89
1454.00
1459.00
1461.00
1461.50
1462.50
1464.00
1465.00
1465.50
1466.50
1466.50
1467.50
1470.50
1474.50
1479.00
1481.00
1482.50
1486.50
1608.00
1494.00
1498.50
1502.67
1664.00
1497.50
1496.50
1662.00
1609.00
1488.50
1486.50
1481.00
1478.50
1477.00
1474.00
1468.50
1467.00
1466.50
1466.00
1466.00
1466.00
1466.00
1466.00
1466.00
1465.50
1463.50
1462.00
1461.00
1460.50
1459.50
1459.50
1459.00
1433.50
4847.00
1406.00
1404.50
1400.50
1394.50
1392.50
1389.00
1382.50
1378.00
1376.00
1373.34
1372.00
1371.50
1370.50
1370.00
1370.50
1371.00
1371.00
1372.50
1375.50
1377.00
1378.00
1378.50
1378.00
1378.00
1377.00
1375.00
1374.00
1373.00
1373.70
1370.85
1367.50
1364.58
1363.94
1363.29
4389.00
1363.00
1365.00
1365.50
1368.50
1370.50
1371.50
1372.50
1372.50
1372.50
1373.00
1373.50
1375.50
1376.00
1376.50
1378.00
1379.00
1380.50
1381.00
4389.00
4389.00
1382.50
1382.50
1383.00
1383.00
1383.71
1387.28
1388.97
1390.45
1393.36
1395.50
1397.00
1403.50
1409.50
1409.50
1410.50
1433.39
1438.00
1441.00
1444.75
1451.00
1456.00
1465.50
1469.50
1471.00
1472.00
1584.00
1472.81
1472.74
1472.10
1472.10
1471.86
1471.86
1471.24
1471.54
1471.50
1471.50
1471.00
1470.50
1469.50
1469.50
1469.00
1468.50
1467.00
1464.50
1464.00
1461.00
1459.00
1456.00
1453.50
1452.00
1447.50
1444.50
1444.00
1443.00
1445.50
1445.00
1439.00
1437.50
1437.32
1435.50
1434.50
1429.00
1422.00
1415.50
1414.50
1412.03
1412.33
1412.00
1410.48
1411.46
1410.00
1410.50
1410.50
1411.00
1412.00
1413.00
1414.00
1414.00
1414.00
1413.50
1412.00
1408.50
1407.00
1406.00
1404.50
1404.48
1400.50
1396.00
1390.00
1387.00
1382.76
1379.75
1376.42
1374.39
1374.00
1373.50
1373.00
1372.50
1372.11
1371.33
1371.33
1372.41
1375.00
1374.25
1377.50
1378.00
1379.50
1380.00
1380.00
1379.50
1380.00
1379.50
1379.00
1379.56
1377.50
1376.00
1374.50
1373.00
1371.06
1371.50
1371.00
1370.00
1369.50
1369.00
1367.50
1364.00
1362.00
1357.80
1352.00
1351.50
1351.50
1354.62
1353.50
1353.50
1361.00
1371.70
1375.55
1376.79
1379.50
1384.81
1390.00
1390.50
1390.50
1391.00
1391.50
1391.50
1392.50
1387.43
1385.00
1382.71
1381.24
1376.75
1376.55
1372.44
1370.22
1370.25
1368.50
1368.50
1368.50
1380.50
1376.92
1376.17
1376.82
1381.89
1391.20
1387.50
1411.94
1429.50
1434.50
1436.50
1437.50
1438.00
1438.00
1437.50
1435.50
1432.50
1428.00
1425.00
1421.50
1420.00
1418.50
1416.50
1409.50
1408.00
1407.50
1406.50
1406.00
1406.00
1406.50
1407.00
1408.50
1411.50
1412.00
1419.50
1422.00
1424.50
1425.50
1425.00
1425.50
1425.50
1425.50
1425.50
1426.00
1427.00
1430.00
1432.50
1434.00
1436.00
1427.50
1425.00
1424.50
1453.50
1465.81
1475.13
1478.50
1481.00
1486.00
1489.50
1493.00
1496.50
1498.00
1499.00
1499.00
1499.00
1498.50
1498.50
1498.00
1497.50
1498.00
1498.50
1499.50
1505.00
1508.00
1508.00
1512.10
1515.16
1522.60
1665.50
1529.58
1536.50
1545.59
1546.50
1544.50
1544.00
1543.00
1542.00
1540.50
1538.50
1537.00
1534.00
1532.50
1530.00
1526.00
1522.00
1519.50
1517.50
1512.83
1508.00
1506.50
1504.00
1502.11
1501.14
1497.50
1496.50
1495.50
1494.50
1493.50
1493.00
1492.50
1492.50
1492.00
1492.00
1491.50
1486.20
1482.50
1480.00
1480.00
1477.00
1476.50
1475.50
1475.50
1475.50
1475.50
1475.50
1475.00
1475.00
1475.00
1474.67
1473.67
1473.00
1470.50
1462.69
1459.03
1454.50
1452.50
1451.00
1450.00
1448.00
1445.50
1439.50
1436.48
1435.75
1434.45
1432.00
1430.36
1427.58
1423.50
1421.50
1419.50
1416.53
1407.50
1405.50
1400.84
1397.26
1397.50
1395.50
1396.00
1395.50
1395.50
1394.00
1388.50
1390.00
1391.00
1391.00
1390.50
1386.00
1381.50
1380.50
1380.00
1380.00
1380.00
1379.50
1379.50
1379.00
1378.50
1378.00
1370.29
1366.54
1359.47
1355.50
1354.85
1354.00
1352.00
1350.50
1350.00
1349.50
1349.50
1349.50
1350.50
1353.00
1360.50
1368.50
1372.00
1373.00
1374.00
1376.00
1377.00
1377.50
1377.00
1374.50
1371.50
1371.50
1370.00
1369.00
1368.00
1366.50
1365.50
1363.50
1362.50
1362.00
1362.00
1362.00
1362.00
1362.00
1362.00
1361.50
1361.00
1360.00
1358.50
1358.00
1358.00
1358.00
1458.77
1358.50
1358.00
1358.50
1358.50
1358.00
1357.50
1357.50
1357.50
1357.50
1358.00
1358.50
1358.50
1359.00
1359.00
1359.00
1360.00
1362.50
1364.00
1364.50
1365.00
1365.00
1364.00
1361.00
1358.50
1357.00
1356.00
1352.22
1348.00
1347.00
1337.77
1410.86
1328.00
1325.50
1427.80
1327.00
1336.50
1349.95
1361.00
1373.00
1380.53
1383.08
1388.00
1390.50
1399.58
1413.96
1419.85
1426.37
1433.00
1432.50
1432.50
1432.00
1428.73
1424.37
1422.14
1416.50
1416.50
1415.50
1414.00
1411.00
1409.50
1407.00
1406.00
1405.00
1405.00
1404.00
1403.50
1403.00
1402.50
1402.50
1401.50
1400.50
1399.50
1398.00
1398.00
1398.00
1397.50
1397.50
1397.00
1397.48
1396.42
1402.00
1404.33
1407.55
1408.05
1410.00
1411.50
1414.00
1415.50
1416.00
1416.50
1416.00
1416.00
1415.50
1414.50
1413.50
1411.00
1407.00
1405.00
1403.50
1402.50
1402.50
1401.50
1398.50
1395.50
1391.00
1389.50
1388.50
1388.50
1388.00
1387.00
1386.00
1373.23
1367.00
1365.50
1365.50
1364.50
1364.50
1364.50
1363.88
1365.50
1367.50
1372.00
1376.50
1384.62
1386.25
1386.83
1387.34
1388.50
1390.00
1391.00
1396.00
1398.50
1399.00
1399.50
1400.00
1399.50
1399.50
1398.00
1396.50
1393.50
1391.00
1389.50
1388.00
1385.95
1383.00
1382.50
1382.00
1381.50
1382.50
1384.00
1384.00
1390.50
1392.00
1393.50
1394.50
1395.00
1394.50
1394.00
1388.06
1376.50
1375.50
1375.56
1375.65
1373.33
1359.83
1352.00
1348.50
1345.00
1342.50
1339.93
1337.50
1337.00
1335.77
1329.93
1329.23
1319.50
1318.50
1317.50
1316.50
1316.50
1317.00
1317.50
1318.50
1323.50
1326.50
1335.70
1341.50
1345.57
1348.61
1351.04
1357.00
1360.50
1366.00
1372.00
1374.50
1375.50
1376.00
1376.00
1375.50
1375.83
1370.23
1369.50
1367.50
1363.50
1362.50
1362.00
1361.50
1362.50
1362.00
1362.50
1362.00
1361.00
1361.50
1361.00
1357.50
1356.50
1355.50
1353.00
1350.50
1348.50
1346.50
1345.50
1345.00
1344.74
1345.36
1331.50
1341.70
1347.00
1347.50
1349.50
1355.00
1356.00
1356.50
1356.50
1356.50
1357.00
1357.00
1357.79
1363.00
1358.33
1350.93
1345.50
1340.00
1337.50
1334.00
1333.00
1333.50
1333.50
1334.00
1335.00
1335.50
1344.50
1349.00
1350.00
1353.09
1356.00
1359.00
1377.00
1385.83
1389.72
1391.91
1392.50
1393.85
1396.27
1394.67
1392.85
1391.00
1382.50
1378.50
1376.50
1373.07
1369.40
1366.21
1362.50
1365.19
1366.50
1368.00
1370.00
1378.50
1383.00
1388.00
1390.00
1391.00
1392.50
1397.30
1400.00
1400.50
1401.50
1401.50
1401.50
1401.50
1400.50
1400.00
1400.00
1400.00
1400.50
1401.00
1402.00
1403.00
1403.50
1403.50
1403.00
1402.50
1401.50
1395.50
1394.00
1391.50
1390.00
1389.50
1389.50
1389.00
1388.00
4866.00
1389.00
1389.50
4866.00
1389.90
1393.76
1394.26
1397.40
1386.75
1384.53
1381.68
1378.50
1378.50
1379.13
1379.00
1380.00
1380.50
1381.00
1381.50
1381.50
1381.50
1381.00
1380.00
1379.50
1379.00
1377.50
1375.50
1373.00
1372.00
1369.86
1371.31
1371.31
1375.50
1379.70
1380.07
1380.58
1381.10
1381.17
1381.38
1381.24
1380.50
1380.00
1379.00
1377.31
1375.00
1373.50
1369.50
1365.50
1357.05
1351.31
1344.50
1335.50
1332.50
1331.00
1329.50
1328.00
1327.00
1327.00
1327.00
1328.50
1331.50
1332.00
1333.00
1334.00
1336.00
1346.25
1360.17
1371.00
1373.00
1373.50
1374.50
1374.50
1375.00
1378.59
1385.00
1385.00
1385.00
1384.50
1383.00
1379.00
1377.50
1375.50
1374.50
1373.50
1372.50
1372.50
1371.50
1366.00
1366.00
1362.06
1352.03
1343.16
1334.47
1336.25
1331.60
1315.77
4709.00
2209.75
4712.00
1367.50
1371.50
4719.00
1372.50
1372.50
4744.00
4733.00
4735.00
1399.50
1415.50
1421.97
1432.50
1433.94
1435.00
1437.06
1440.00
1442.50
1455.00
1463.00
4386.00
1465.50
1465.50
1467.39
1466.86
1465.75
1465.00
1464.00
1463.50
1462.00
1459.50
1458.00
1452.50
1450.50
1450.00
1449.50
1449.50
1449.00
1449.50
1449.50
1450.50
1451.00
1451.50
1453.00
1453.50
1456.50
1456.50
1457.00
1457.00
1457.50
1458.00
1458.50
1459.00
1459.00
1460.00
1461.00
1462.00
1463.50
1463.50
1464.00
1463.00
1459.00
1458.50
1458.00
1457.50
1457.50
1457.50
1457.50
1458.50
1463.65
1466.00
1466.50
1467.50
1470.87
1471.92
1473.55
1483.50
1483.50
1483.50
1484.00
1484.50
1484.50
1485.50
1487.00
1487.50
1488.50
1490.00
1490.50
1498.83
1621.35
1514.57
1517.39
1517.83
1521.61
1524.27
1532.00
1536.00
1539.50
1540.00
1540.50
1540.50
1539.50
1539.00
1539.00
1538.50
1539.00
1540.50
1541.50
1543.00
1545.55
1546.07
1545.00
1546.50
1547.50
1556.58
1573.50
1620.82
1628.76
1641.21
1860.07
2372.78
2950.50
2974.06
2329.88
2223.41
3043.99
2716.09
2700.43
2684.20
2716.38
2683.41
2723.57
2761.28
4701.00
3151.56
3116.61
3153.95
2757.80
2760.44
3247.59
3207.68
3288.32
3871.29
4329.14
4352.58
4354.83
4352.65
4352.93
4360.39
4385.96
4398.72
4406.89
4412.44
4560.00
4400.00
4398.00
4397.50
4394.07
4389.32
4387.06
4384.21
4376.50
4375.00
4385.00
4393.67
4396.57
4399.14
4403.47
4406.22
4408.00
4408.00
4402.44
4399.14
4397.45
4397.45
4397.45
4398.04
4398.07
4583.00
4401.83
4405.00
4412.00
4410.77
4412.50
4413.50
4420.50
4421.50
4422.50
4422.50
4423.00
4422.50
4428.52
4422.00
4421.50
4421.00
4420.00
4419.50
4418.50
4418.00
4417.00
4413.50
4413.00
4409.00
4409.00
4408.50
4406.50
4406.50
4406.00
4406.00
4406.00
4406.00
4406.50
4407.50
4408.00
4408.50
4408.50
4731.00
4525.33
4408.50
4408.00
4408.00
4407.00
4406.50
4406.00
4396.26
4392.83
4390.91
4392.62
4392.72
4390.43
4386.32
4380.71
4372.62
4367.61
4358.50
4357.00
4355.50
4355.50
4355.00
4355.00
4355.00
4355.00
4356.00
4557.00
4559.00
4368.35
4376.44
4382.41
4388.24
4397.45
4411.33
4416.50
4416.44
4417.50
4421.23
4426.00
4428.50
4430.00
4430.00
4429.50
4428.50
4426.50
4423.45
4419.50
4418.00
4415.32
4410.00
4409.00
4408.50
4407.50
4405.50
4404.50
4403.00
4403.00
4402.50
4402.50
4403.00
4403.00
4403.50
4405.00
4408.00
4409.50
4410.50
4411.50
4412.00
4413.00
4413.50
4414.00
4414.50
4416.00
4416.50
4417.50
4418.00
4418.00
4417.00
4413.00
4412.00
4411.50
4411.50
4411.00
4397.63
4403.91
4396.00
4378.68
4379.25
4379.00
4379.00
4353.62
4352.12
4352.57
4352.65
4379.00
4379.00
4379.00
4379.00
4387.31
4391.85
4379.00
4379.00
4379.00
4400.35
4405.52
4406.50
4406.00
4406.00
4406.50
4406.00
4406.50
4407.50
4414.00
4416.00
4417.00
4417.50
4418.00
4418.00
4418.50
4423.00
4431.94
4434.50
4436.00
4436.50
4437.00
4437.00
4437.00
4436.50
4434.36
4431.50
4429.50
4427.00
4418.50
4415.23
4409.13
4405.18
4399.75
4396.51
4391.02
4386.39
4371.29
4368.05
4367.55
4367.55
4366.00
4365.50
4364.50
4364.00
4364.50
4364.50
4365.00
4365.50
4365.50
4365.50
4365.00
4364.50
4364.00
4363.00
4362.50
4362.50
4362.50
4362.00
4362.00
4362.00
4361.00
4360.00
4360.00
4359.50
4360.00
4360.50
4360.50
4359.50
4362.17
4365.94
4379.64
4370.50
4376.67
4393.32
4403.44
4404.40
4410.14
4416.50
4416.50
4416.50
4417.50
4417.50
4415.93
4413.00
4411.03
4410.32
4405.77
4398.68
4392.33
4384.66
4375.04
4369.53
4367.12
4366.25
4365.50
4357.50
4362.50
4368.88
4371.16
4375.81
4385.79
4388.75
4393.93
4395.15
4394.25
4397.00
4397.00
4397.00
4395.27
4393.24
4393.24
4393.31
4379.00
4379.00
4379.00
4395.12
4396.94
4398.50
4399.00
4399.00
4399.00
4399.00
4399.00
4399.50
4400.00
4400.50
4401.00
4401.00
4401.50
4403.00
4410.00
4412.50
4414.00
4415.00
4415.50
4416.00
4417.00
4419.81
4420.96
4421.00
4421.00
4421.50
4421.50
4421.50
4426.77
4425.71
4417.00
4414.00
4413.00
4412.00
4410.50
4409.50
4407.00
4405.50
4403.43
4392.50
4387.72
4387.04
4386.41
4386.67
4386.02
4380.75
4366.45
4366.00
4366.50
4367.00
4368.50
4372.00
4372.50
4373.00
4373.00
4373.00
4375.00
4376.00
4381.50
4386.75
4390.29
4392.93
4394.50
4395.64
4397.00
4397.50
4397.50
4398.50
4399.50
4400.00
4400.00
4400.50
4401.00
4401.00
4398.88
4398.44
4397.50
4397.50
4398.44
4401.51
4403.33
4403.86
4405.24
4407.00
4409.00
4410.50
4415.50
4420.50
4423.50
4423.50
4423.00
4419.87
4415.00
4412.73
4410.57
4398.69
4413.79
4401.58
4402.83
4391.97
4379.73
4359.50
4359.00
4358.50
4357.50
4357.50
4357.00
4357.00
4357.50
4357.50
4358.00
4358.50
4361.00
4361.00
4360.50
4360.00
4360.00
4359.50
4359.50
4359.50
4358.50
4359.00
4359.00
4359.00
4359.00
4359.00
4359.00
4359.00
4359.00
4358.50
4359.00
4359.00
4359.00
4359.00
4359.00
4358.50
4358.50
4358.50
4358.50
4358.50
4358.50
4359.00
4359.00
4359.00
4359.50
4359.50
4359.50
4360.00
4360.50
4361.00
4363.50
4360.67
4348.69
4346.93
4345.50
4341.50
4339.00
4335.00
4333.00
4332.00
