 63.00  6377.9857  46.55   7.98    100
 1951 04 15 07 30 00
 15/04/1951, 07:30:00, RES=0.2500  APOD FN = TRI
 2884.683 2928.153 0.0500226848     869
  0.81763
  0.82421
  0.82135
  0.80579
  0.78066
  0.74187
  0.73326
  0.72087
  0.72883
  0.75477
  0.77270
  0.77348
  0.77218
  0.77570
  0.79606
  0.80981
  0.81928
  0.82875
  0.83886
  0.82959
  0.80332
  0.78088
  0.75850
  0.73599
  0.73097
  0.75130
  0.77802
  0.79255
  0.80994
  0.83241
  0.83472
  0.82382
  0.82641
  0.83754
  0.84146
  0.83692
  0.84289
  0.85755
  0.84977
  0.82988
  0.81461
  0.81474
  0.81539
  0.81046
  0.80838
  0.83253
  0.84762
  0.86209
  0.87377
  0.88415
  0.89043
  0.88882
  0.89310
  0.89482
  0.87922
  0.87727
  0.87974
  0.86923
  0.86752
  0.86780
  0.86897
  0.86443
  0.86495
  0.83835
  0.82953
  0.82719
  0.80495
  0.80423
  0.80981
  0.85340
  0.85885
  0.87169
  0.88869
  0.90127
  0.89829
  0.89647
  0.89971
  0.90114
  0.90763
  0.90075
  0.89050
  0.89193
  0.89089
  0.88428
  0.88895
  0.90348
  0.90699
  0.90205
  0.89997
  0.89881
  0.90310
  0.90555
  0.89284
  0.89647
  0.88960
  0.89245
  0.88443
  0.87987
  0.86738
  0.87182
  0.87234
  0.88272
  0.88596
  0.89491
  0.89323
  0.89206
  0.89608
  0.90205
  0.89868
  0.89478
  0.89894
  0.89362
  0.88752
  0.89488
  0.89402
  0.90166
  0.90062
  0.89894
  0.89050
  0.89154
  0.89301
  0.89510
  0.89089
  0.89350
  0.89284
  0.89216
  0.89140
  0.88919
  0.89414
  0.89349
  0.89362
  0.89076
  0.89758
  0.89414
  0.89258
  0.89881
  0.89790
  0.90101
  0.89673
  0.89453
  0.89744
  0.89699
  0.88609
  0.88700
  0.89842
  0.89920
  0.90127
  0.89816
  0.89530
  0.88922
  0.88335
  0.88992
  0.89842
  0.89686
  0.89414
  0.89621
  0.89816
  0.89764
  0.89543
  0.89453
  0.89271
  0.87390
  0.88410
  0.88687
  0.88410
  0.89089
  0.88518
  0.87935
  0.87065
  0.86002
  0.84471
  0.83705
  0.82425
  0.58983
  0.73662
  0.72574
  0.72730
  0.74831
  0.77958
  0.81370
  0.84992
  0.85690
  0.86741
  0.86689
  0.87626
  0.88206
  0.89037
  0.89504
  0.88882
  0.88635
  0.88168
  0.88298
  0.88259
  0.88095
  0.86988
  0.84757
  0.82992
  0.78810
  0.73145
  0.67113
  0.61103
  0.56328
  0.52024
  0.52517
  0.54083
  0.57045
  0.61209
  0.68288
  0.73004
  0.77020
  0.80968
  0.83485
  0.83292
  0.82291
  0.81746
  0.80461
  0.75506
  0.72224
  0.71887
  0.71947
  0.74766
  0.77582
  0.79930
  0.80631
  0.79437
  0.74299
  0.71037
  0.70563
  0.73086
  0.76025
  0.80592
  0.84956
  0.86741
  0.86443
  0.85512
  0.82226
  0.78723
  0.73430
  0.69629
  0.68202
  0.68708
  0.73279
  0.76907
  0.81227
  0.84393
  0.85016
  0.85690
  0.84795
  0.84536
  0.83978
  0.86480
  0.87285
  0.87857
  0.88259
  0.87740
  0.87488
  0.87922
  0.89606
  0.89608
  0.89323
  0.89816
  0.89751
  0.89530
  0.90114
  0.89427
  0.90270
  0.90010
  0.90205
  0.90439
  0.90218
  0.89478
  0.87532
  0.86696
  0.86598
  0.86053
  0.87401
  0.87403
  0.88739
  0.88771
  0.89366
  0.90166
  0.88395
  0.87545
  0.86677
  0.84510
  0.82486
  0.82992
  0.84354
  0.87169
  0.87439
  0.88337
  0.87987
  0.87805
  0.87753
  0.86417
  0.86028
  0.83900
  0.81072
  0.79255
  0.76053
  0.74533
  0.74320
  0.73871
  0.74312
  0.77957
  0.83633
  0.86884
  0.88726
  0.88908
  0.90477
  0.90153
  0.89478
  0.89816
  0.90361
  0.90400
  0.90581
  0.90821
  0.91243
  0.91412
  0.91386
  0.90479
  0.90880
  0.91489
  0.91697
  0.89718
  0.89063
  0.89401
  0.88752
  0.88259
  0.86897
  0.84237
  0.81863
  0.80656
  0.80449
  0.80682
  0.81435
  0.80189
  0.78503
  0.78282
  0.78191
  0.78256
  0.82534
  0.85249
  0.86508
  0.88910
  0.89050
  0.89440
  0.89595
  0.89829
  0.90983
  0.91230
  0.89738
  0.88882
  0.89024
  0.90127
  0.89907
  0.90794
  0.91217
  0.91191
  0.90205
  0.90099
  0.90931
  0.91058
  0.89829
  0.89984
  0.90516
  0.90075
  0.89997
  0.90464
  0.90439
  0.89777
  0.89219
  0.89440
  0.89440
  0.88856
  0.89767
  0.90348
  0.90464
  0.90760
  0.90010
  0.87805
  0.87468
  0.87532
  0.87143
  0.86936
  0.86520
  0.88116
  0.89193
  0.88363
  0.88951
  0.88687
  0.87260
  0.86469
  0.86313
  0.85440
  0.83978
  0.83420
  0.84352
  0.86767
  0.86871
  0.86825
  0.88830
  0.89894
  0.89456
  0.89339
  0.89556
  0.89634
  0.88415
  0.88311
  0.88376
  0.88713
  0.88181
  0.84851
  0.82875
  0.63045
  0.74530
  0.68896
  0.61233
  0.55021
  0.52718
  0.53533
  0.56902
  0.61827
  0.67053
  0.73404
  0.76777
  0.76440
  0.75337
  0.73768
  0.73025
  0.68228
  0.67216
  0.67475
  0.67657
  0.67338
  0.62116
  0.58173
  0.52652
  0.48628
  0.47548
  0.48941
  0.55109
  0.61456
  0.68577
  0.73520
  0.78857
  0.81218
  0.81508
  0.78176
  0.74424
  0.70083
  0.65010
  0.63921
  0.63864
  0.68890
  0.72794
  0.79850
  0.83820
  0.85885
  0.87753
  0.89647
  0.89465
  0.89777
  0.89790
  0.90059
  0.88998
  0.88713
  0.88064
  0.86092
  0.85519
  0.82953
  0.83083
  0.83098
  0.82849
  0.83160
  0.85158
  0.86923
  0.88583
  0.89264
  0.89453
  0.89673
  0.90464
  0.90919
  0.90275
  0.89946
  0.89997
  0.88869
  0.88830
  0.88817
  0.87818
  0.85682
  0.83614
  0.83627
  0.85113
  0.86417
  0.88505
  0.88934
  0.88960
  0.88739
  0.90335
  0.90503
  0.88114
  0.86196
  0.85937
  0.85042
  0.84743
  0.85612
  0.87636
  0.88856
  0.88895
  0.88804
  0.88194
  0.87662
  0.87844
  0.87766
  0.87883
  0.83757
  0.82680
  0.81733
  0.82109
  0.83303
  0.83657
  0.86799
  0.86598
  0.86819
  0.86989
  0.87961
  0.89163
  0.89375
  0.88882
  0.89447
  0.89582
  0.89595
  0.89608
  0.88830
  0.88989
  0.90335
  0.89991
  0.89102
  0.89179
  0.88748
  0.89686
  0.89712
  0.89141
  0.88064
  0.87390
  0.86585
  0.86261
  0.87293
  0.87714
  0.88023
  0.89535
  0.90588
  0.90257
  0.90880
  0.90789
  0.90711
  0.90633
  0.90438
  0.90427
  0.91671
  0.91814
  0.92138
  0.92209
  0.92436
  0.92124
  0.91879
  0.92372
  0.92190
  0.91827
  0.90169
  0.89556
  0.89764
  0.90023
  0.89716
  0.89673
  0.89842
  0.88629
  0.88885
  0.88113
  0.87130
  0.87375
  0.88415
  0.88518
  0.87597
  0.87831
  0.88168
  0.88129
  0.89640
  0.90594
  0.90931
  0.90335
  0.89777
  0.88812
  0.89349
  0.89569
  0.89300
  0.90114
  0.89854
  0.88609
  0.88428
  0.87970
  0.86975
  0.87948
  0.87610
  0.88025
  0.89645
  0.88804
  0.89193
  0.88129
  0.87766
  0.87974
  0.87909
  0.87987
  0.87509
  0.87079
  0.87052
  0.86884
  0.87247
  0.87052
  0.83446
  0.80449
  0.76584
  0.71863
  0.67625
  0.60190
  0.52325
  0.49598
  0.44143
  0.39232
  0.37665
  0.38661
  0.40985
  0.45122
  0.50877
  0.54216
  0.55527
  0.55916
  0.52634
  0.49201
  0.45777
  0.43876
  0.42981
  0.43133
  0.40322
  0.41607
  0.44772
  0.49502
  0.55317
  0.61494
  0.66690
  0.70485
  0.71406
  0.69721
  0.65245
  0.59002
  0.47937
  0.46497
  0.46416
  0.50319
  0.54857
  0.64991
  0.71653
  0.77011
  0.81248
  0.83978
  0.84549
  0.83991
  0.84821
  0.85327
  0.85405
  0.84833
  0.83835
  0.82019
  0.81253
  0.80851
  0.79450
  0.79114
  0.78282
  0.77645
  0.77815
  0.77556
  0.77945
  0.78192
  0.79534
  0.79294
  0.78598
  0.73703
  0.71419
  0.71238
  0.72185
  0.74027
  0.77193
  0.81811
  0.84665
  0.88207
  0.88635
  0.88544
  0.88441
  0.90010
  0.89984
  0.89621
  0.89465
  0.88791
  0.88077
  0.88038
  0.87159
  0.86923
  0.86949
  0.86715
  0.86689
  0.87748
  0.88895
  0.89388
  0.89699
  0.89933
  0.90568
  0.90633
  0.89569
  0.88402
  0.87675
  0.87701
  0.87545
  0.88503
  0.89712
  0.89816
  0.89569
  0.89738
  0.89830
  0.89866
  0.90283
  0.90426
  0.89467
  0.88531
  0.88129
  0.87532
  0.88337
  0.88480
  0.90348
  0.90802
  0.90745
  0.90828
  0.90633
  0.90370
  0.88998
  0.88194
  0.88259
  0.88830
  0.89310
  0.89765
  0.89907
  0.90737
  0.90633
  0.90724
  0.91157
  0.90594
  0.90511
  0.90664
  0.89154
  0.89855
  0.89491
  0.89362
  0.87831
  0.87506
  0.86520
  0.86585
  0.87413
  0.87675
  0.88103
  0.88648
  0.89275
  0.90166
  0.90542
  0.91114
  0.91282
  0.90802
  0.91048
  0.91139
  0.91139
  0.91035
  0.91437
  0.90073
  0.89634
  0.89971
  0.90114
  0.89660
  0.89971
  0.90413
  0.90789
  0.90101
  0.90427
  0.90270
  0.91308
  0.92177
  0.91475
  0.90724
  0.91048
  0.91450
  0.91204
  0.91619
  0.91360
  0.90272
  0.90848
  0.90049
  0.90010
  0.90335
  0.90406
  0.90568
  0.90698
  0.90581
  0.91814
  0.91775
  0.90607
  0.90776
  0.90906
  0.89219
  0.88363
  0.88700
  0.88687
  0.88505
  0.88544
  0.87896
  0.87714
  0.86456
  0.86300
  0.68697
  0.55720
  0.25940
  0.12273
  0.12385
  0.12243
  0.11657
  0.11754
  0.12052
  0.12013
  0.12722
  0.13363
  0.11767
  0.11754
  0.12143
  0.11871
  0.11923
  0.12766
  0.12433
  0.11806
  0.11287
  0.12157
  0.13116
  0.13194
  0.13246
  0.11958
  0.12255
  0.12969
  0.12395
  0.12247
  0.11897
  0.11676
  0.12078
  0.12948
  0.12565
  0.12234
  0.12103
  0.11863
  0.13324
  0.13272
  0.13285
  0.13298
  0.13272
  0.13856